#  ID, log_mass_16, log_mass_50, log_mass_84, log_sfr_16, log_sfr_50, log_sfr_84 
# 
20.0000000 9.6695791 9.8242959 10.0721512 -1.5123266 0.4601484 0.9899193
24.0000000 9.0842817 9.6236319 10.0986459 0.1466049 0.8070000 1.3028749
39.0000000 10.0369050 10.2213515 10.4856718 0.8304141 1.5701164 1.7792697
57.0000000 9.8577368 9.9711470 10.3046054 0.8555904 1.2940000 1.5310207
78.0000000 10.6688639 10.8094664 11.0785952 1.2394120 1.9320000 2.1482421
142.0000000 9.2746588 9.4005192 9.6836452 0.0055010 0.5800000 0.9099759
169.0000000 9.0935299 9.2344854 9.3866382 -0.1595813 0.0963089 0.5391266
189.0000000 9.4622207 9.6240000 9.7280776 0.3486177 0.5954155 1.3119946
238.0000000 9.2968981 9.3820000 9.4878902 -0.0979137 0.0505435 0.3544376
266.0000000 9.9148518 10.1400000 10.3481041 0.3436186 1.2186378 1.4242361
273.0000000 9.8759740 9.9772439 10.1199330 0.7230668 1.1358689 1.5470832
299.0000000 9.9450355 10.0798567 10.2485291 -0.7146215 0.9594668 1.4837894
343.0000000 9.2762359 9.3576463 9.5670896 0.3124850 0.5881317 0.9679344
406.0000000 9.4027251 9.5970000 9.6782477 -1.9057600 -1.0300000 0.7758674
481.0000000 10.2279775 10.3953392 10.5200437 0.8846615 1.2591158 1.6539525
498.0000000 10.1036797 10.2295000 10.3355539 -1.9228800 -1.1831353 0.4877831
512.0000000 9.7658865 9.9085302 10.1506415 0.3994044 1.1299293 1.4224353
527.0000000 11.0032657 11.1037235 11.2772985 0.7920401 1.2300000 1.8436260
532.0000000 9.0212213 9.1223055 9.3014854 0.1387748 0.3836897 0.7526844
569.0000000 8.7632582 8.8338350 9.1975770 0.4773585 0.7126892 0.9604148
600.0000000 9.2315200 9.3278246 9.5378721 0.1745687 0.3519954 0.8671200
743.0000000 9.8840628 10.0115943 10.1376093 0.5627296 1.2429261 1.5043072
796.0000000 10.2293562 10.4500000 10.5871027 0.7342196 1.2670000 1.6553284
930.0000000 9.4435162 9.6186053 9.7079956 0.1233934 0.5063361 0.8356264
951.0000000 8.9995931 9.1202301 9.2524800 0.1967882 0.6808550 1.0343600
993.0000000 9.4678384 9.8034600 10.0387163 0.6570407 1.5209051 1.9211686
1024.0000000 9.5689293 9.6838028 9.8699690 0.1323387 0.5878315 1.0189728
1204.0000000 8.8754047 8.9100000 9.1672215 0.2161871 0.3265044 1.2400496
1255.0000000 11.0632846 11.2074560 11.2757714 -0.7861423 0.4709673 1.5501200
1602.0000000 9.0130172 9.0997873 9.4297673 0.4990800 0.8566974 0.9602229
1608.0000000 8.8676500 9.1470000 9.3557135 -0.1458385 0.4420000 0.8619460
1694.0000000 8.9886666 9.1707249 9.3296060 0.2972429 0.5427010 1.6959600
1771.0000000 9.4600983 9.7510000 10.0289600 -0.2032732 0.3186273 1.1750781
1825.0000000 8.6534533 8.9308646 9.0321187 0.4311105 0.7715610 1.3235600
1847.0000000 10.2532005 10.4675858 10.8532800 0.6306824 1.9160593 2.1049664
1850.0000000 10.8058190 10.9453883 10.9755886 -0.3249362 0.2484637 0.8675518
1861.0000000 9.9077547 10.0053786 10.2181850 0.7732800 1.2215707 1.7685506
1871.0000000 9.6560379 9.8465000 9.9105236 -0.8124639 0.2344113 0.6961230
1885.0000000 9.8149146 9.8985000 10.2067308 0.1018366 1.0663259 1.4133180
1917.0000000 9.6880647 10.4506061 10.7189629 1.1612548 1.6298026 2.0080151
2012.0000000 9.6990759 9.8126004 10.0419917 0.7459904 1.1212315 1.4487600
2045.0000000 9.8801086 9.9418710 10.1027693 0.6596288 1.1754060 1.3651170
2067.0000000 8.9422393 9.0800959 9.2885295 -0.0778079 0.1624449 0.5037672
2095.0000000 9.1859341 9.3433225 9.4961306 0.0748824 0.8270000 1.1051089
2099.0000000 9.1648200 9.2481378 9.3492660 0.0688800 0.4531654 0.7845360
2101.0000000 9.3164465 9.3445000 9.5173469 0.0101205 0.3376782 0.7579928
2148.0000000 9.1241744 9.2509219 9.4236002 0.1356702 0.3473059 0.8396800
2227.0000000 10.2380235 10.3638292 10.6015170 0.8147228 1.1251728 1.5881680
2582.0000000 9.4883211 9.6185000 9.9991492 0.5035120 1.2220000 1.4545739
2696.0000000 9.8757994 9.9785000 10.2568150 0.9211358 1.1650940 1.5302520
2783.0000000 9.2755870 9.3869152 9.5822435 0.5119223 0.7844033 1.5567600
2792.0000000 10.2039512 10.5303495 10.7148000 -0.1831031 1.5220000 1.9054361
2861.0000000 10.2546485 10.4607090 10.6357229 -0.8416400 0.0724543 1.4207622
2902.0000000 9.4969036 9.5635000 9.7152026 0.6552965 1.0320000 1.2175600
2920.0000000 9.9534254 10.1006646 10.2985286 0.8400184 1.2398738 1.4943090
2975.0000000 9.7545560 9.8364668 10.0303312 1.0331945 1.1920096 1.4579097
3314.0000000 8.9733916 9.0292740 9.3132915 0.3158214 0.4367365 0.8241886
3335.0000000 9.2263200 9.2998102 9.4440414 -0.0354929 0.2657247 0.5365628
3370.0000000 10.0564704 10.2105000 10.3308328 -0.2716272 -0.0444527 1.1313592
3403.0000000 10.0115900 10.1160780 10.3171323 0.6504048 1.2802155 1.4917509
3411.0000000 9.2044404 9.3480748 9.4807699 -0.0818721 0.3482298 0.9037762
3431.0000000 8.8857602 8.9890972 9.1494234 0.0746400 0.4266510 0.7076742
3450.0000000 8.8804016 8.9664205 9.1568356 -0.4506545 0.3191150 0.5032680
3457.0000000 9.2755035 9.4504605 9.7007227 0.6220981 0.8884603 1.3084800
3590.0000000 8.7907542 9.2273645 9.3488610 -0.0534450 0.6998830 1.1143029
3630.0000000 9.1961358 9.3000000 9.4371186 0.3453145 0.6653107 1.1630400
3646.0000000 10.9719018 11.1080000 11.2328301 -6.7842820 -3.0012300 -0.3351452
3652.0000000 9.1352782 9.1937418 9.3885800 0.2286201 0.5194074 0.8118437
3682.0000000 9.8891486 10.1172655 10.4141366 0.3515234 1.6100000 1.8939097
3706.0000000 9.1551292 9.2523593 9.4122755 0.1653243 0.3940000 0.6528410
3766.0000000 10.4370032 10.5984297 10.7200392 -9.4694908 -1.3752915 -0.4179331
3810.0000000 8.9306561 9.0557658 9.2786337 0.0942193 0.3317802 1.1847600
3870.0000000 8.8549966 8.9256856 9.1349739 0.2462290 0.5295451 0.8724008
4055.0000000 8.8101640 9.0200000 9.1652400 -0.0808642 0.2650000 0.8287664
4061.0000000 10.7315468 10.8798816 11.0132880 -4.5010924 -1.2501787 0.6473238
4170.0000000 10.5302451 10.6818133 10.8584482 1.3791624 1.7212098 1.9968800
4186.0000000 9.6353200 9.7508722 9.9119739 0.8401293 1.1322848 1.4683072
4215.0000000 10.9504518 11.2255000 11.2749919 1.2507307 1.5718662 2.0898450
4347.0000000 10.2235366 10.3531592 10.5438073 0.2748739 1.3270000 1.5711013
4375.0000000 10.5464120 10.9900000 11.0654017 1.0212284 1.6540945 2.7361282
4458.0000000 10.0641533 10.2550000 10.3554100 -1.4423382 -0.7880000 1.2184550
4528.0000000 11.0104974 11.0784568 11.2899789 -6.4362343 -2.1130000 0.3466883
4588.0000000 9.0864056 9.1890061 9.3998007 -0.0985712 0.2968743 0.5860988
4607.0000000 10.8702877 11.0339524 11.0884000 0.2847571 0.8268627 1.2906000
4643.0000000 9.4831479 9.5958965 9.7520800 0.2737737 0.5928048 0.9351450
5011.0000000 9.3338178 9.5279646 10.0470318 0.9227990 1.2672822 1.5772833
5067.0000000 9.7571148 9.9441344 9.9842097 -1.3177052 -0.8454660 0.8041664
5218.0000000 9.5890164 9.6954917 9.8382772 0.4120192 0.7684123 1.1175864
5567.0000000 9.3276472 9.4117166 9.5732536 -0.1263775 0.2220000 1.1712582
5788.0000000 9.3490353 9.4307538 9.5350578 -0.0566633 0.4531960 1.0008824
5844.0000000 8.7966951 9.1028694 9.3162734 -0.1140292 0.4768316 1.0352516
5949.0000000 10.0365925 10.2655000 10.3801090 -2.6586436 -0.0472076 1.3007102
6140.0000000 9.5127375 9.5842863 9.8391705 0.7715556 1.0320000 1.6463600
6158.0000000 9.4503038 9.5398055 9.7066046 0.0057654 0.8689797 1.1635192
6220.0000000 10.7911747 10.9600000 11.0402193 1.2873563 1.6342809 1.8664400
6400.0000000 10.4465641 10.6151270 10.6678808 -0.6953681 -0.3134686 1.2072344
6664.0000000 9.1101310 9.2532265 9.5746033 0.1434438 0.8951512 1.1328444
7010.0000000 9.9418906 10.0575588 10.2132181 -0.3427312 0.6756213 1.0766021
7093.0000000 8.6664441 8.9690232 9.0482151 -0.4864650 0.2834863 0.8516816
7182.0000000 10.7353084 10.8593301 11.1181845 1.0498807 1.9115758 2.4615484
7194.0000000 10.6803564 10.7700000 10.9644676 -0.6181124 1.7053529 1.9838617
7218.0000000 10.4322187 10.6133309 10.7602209 -6.4848391 -1.7657241 -0.1735442
7602.0000000 8.9435195 9.0111098 9.1628246 0.3057944 0.5162148 0.9265856
7648.0000000 9.2655987 9.4047143 9.5892175 0.0816939 0.3904588 0.7893302
7763.0000000 9.2031475 9.2951072 9.4583156 0.4863120 0.7147573 0.8661553
7771.0000000 9.4492168 9.5564727 9.6781809 0.2481278 0.7658686 1.1113744
7836.0000000 10.3096193 10.3640000 10.5542578 0.7347648 1.6883590 1.9115291
7885.0000000 10.6269136 10.7261359 10.9159502 -0.2703274 1.0480532 1.3941602
7987.0000000 9.6746115 9.7628687 10.0012715 0.4910275 0.9696461 1.1719321
8037.0000000 9.5401726 9.6483026 9.7710456 0.4119149 0.7368521 1.0672718
8040.0000000 10.4222820 10.5526058 10.6746125 -1.8785586 -0.9675909 0.3751427
8066.0000000 10.3317480 10.4970000 10.5713968 -0.8632770 -0.0852125 0.7112215
8112.0000000 9.1392375 9.2775000 9.4488007 -0.3234062 0.1970000 0.6150191
8153.0000000 10.2086085 10.4316652 10.5508524 0.6246121 1.2460769 1.7270712
8166.0000000 10.2116833 10.3854368 10.7030291 1.2118736 1.3326078 1.6113972
8401.0000000 9.6794527 9.7810000 10.0673003 0.7549362 1.1558262 1.3597344
8460.0000000 9.0623924 9.1354928 9.2772368 0.0746468 0.3777682 0.9759488
8539.0000000 9.0263984 9.1879916 9.3373324 -0.4884677 0.1687920 0.7861600
8585.0000000 8.9054113 8.9785620 9.2624338 0.3935462 0.5500000 1.0447928
8975.0000000 9.0044435 9.0857942 9.2924163 0.2134805 0.3564402 0.9261160
9025.0000000 10.3224525 10.4758018 10.6037908 0.0652799 0.5780528 1.1467600
9371.0000000 8.7689677 8.9017860 9.0565701 -0.1597228 0.0502247 0.5006652
9379.0000000 9.3971948 9.6276801 9.9388448 0.3572545 1.0252159 1.2259525
9605.0000000 8.8625272 8.9280025 9.0971458 0.0724285 0.3382039 1.0149728
9768.0000000 10.5022020 10.5864248 10.8741029 1.2508856 1.6304794 2.1019006
9870.0000000 9.4127511 9.4989243 9.7196180 -0.3640566 0.8887915 1.1251988
9883.0000000 9.0297076 9.3181734 9.5200966 1.0392787 1.2270000 1.4464112
10055.0000000 9.4785867 9.5875565 9.6772453 -0.3628000 0.2870211 1.3017199
10074.0000000 8.9877856 9.1318334 9.1625003 -0.1684481 0.1559595 0.6097640
10098.0000000 9.6552902 9.8114165 9.9995711 0.7564331 1.3420000 1.5404496
10245.0000000 9.0826643 9.2060000 9.3684845 0.0692583 0.2924109 1.2068250
10412.0000000 11.0533066 11.1858541 11.2662585 0.7478168 1.9416006 2.1084600
10464.0000000 9.3069152 9.3759466 9.5609404 0.1533496 0.3499996 1.3241984
10495.0000000 10.3192797 10.4901974 10.6425118 0.7557423 1.0096936 1.2151709
10678.0000000 9.4151785 9.5475713 9.9164067 0.8981086 1.3509603 1.4863200
11057.0000000 9.5470848 9.6406006 9.8802661 0.7440088 1.0020000 1.2047121
11155.0000000 9.1053707 9.1797759 9.3289772 0.2909902 0.5311083 0.7372361
11424.0000000 8.8554171 8.9428772 9.2178400 0.3384465 0.5302944 0.8733191
11617.0000000 10.1918400 10.3443022 10.5225833 0.5697656 1.3769393 1.8434760
11980.0000000 10.5144302 10.6494715 10.7667538 -1.8318360 -0.8593650 0.3143420
12215.0000000 9.3584673 9.4456358 9.6241468 -0.0209479 0.9665453 1.2378335
12303.0000000 9.3278638 9.4760000 9.7098306 0.0648595 1.1482941 1.3273625
12353.0000000 8.9557585 9.0018130 9.1776439 0.1669320 0.3627275 0.8068340
12587.0000000 9.1270532 9.2569835 9.4370445 0.1412286 0.5151563 1.0798503
12828.0000000 9.3575256 9.4946914 9.7089978 0.0472201 0.2768870 0.8610154
12996.0000000 9.3712884 9.4666485 9.6647294 0.6926654 1.0763000 1.1747979
13085.0000000 9.0796976 9.1680657 9.2890803 -0.2416253 0.4335298 0.5442757
13096.0000000 10.1974306 10.2741149 10.4766390 1.0999226 1.6323560 1.7620041
13248.0000000 9.5967683 9.7601447 10.0074967 -0.0796175 0.8925205 1.2611277
13311.0000000 9.3715405 9.5066380 9.6200764 0.0932941 0.2636494 0.7723563
13399.0000000 9.4429200 9.5014531 9.7288907 0.7653056 0.9479435 1.0944087
13600.0000000 10.8420454 11.0221448 11.1463780 0.0133977 1.6280000 1.8949079
13636.0000000 10.6459055 10.7840404 10.8357517 -0.8362400 -0.0705087 1.0660083
13889.0000000 9.2107384 9.3278190 9.5090158 -0.3124500 0.3334815 0.7466560
13902.0000000 9.2725626 9.3405000 9.5404588 0.1165534 0.4760490 1.4581856
13994.0000000 8.7506474 8.8364920 9.0106599 0.1434798 0.6194273 1.2079698
14097.0000000 9.5192068 9.5990000 9.7057114 0.3983617 0.7040030 1.0367592
14098.0000000 9.7519502 9.8338523 10.0232963 0.2746899 1.0743620 1.2930800
14221.0000000 9.1053898 9.2133651 9.3372630 -0.0987638 0.1471791 1.2413684
14245.0000000 9.9077716 10.1897262 10.5993403 1.2078434 1.6892556 1.9939024
14287.0000000 9.1009681 9.1753860 9.3681667 0.4120251 0.5469351 0.8456800
14636.0000000 10.0957760 10.2169658 10.3705731 -0.1738781 1.3791849 1.5020201
14649.0000000 8.9005149 8.9920571 9.1472502 -0.3338800 0.1423895 0.4373328
14772.0000000 9.2017701 9.4366498 9.7486918 -0.7333671 0.5470000 1.0031905
14781.0000000 9.5029200 9.5598619 9.8397155 0.0439000 0.9876663 1.4156864
15121.0000000 9.9574887 10.1071551 10.2672081 0.6742164 1.1262800 1.3467650
15153.0000000 9.3800866 9.5180000 9.6139486 -1.9129053 -1.4530000 0.7315358
15299.0000000 8.7460800 9.0632017 9.1908523 0.0559660 0.4200000 0.9218400
15335.0000000 10.4306717 10.6200000 10.9518425 -0.2448741 1.1570000 1.7960296
15584.0000000 9.0185077 9.1412983 9.3217540 0.4369415 0.7497509 1.1829988
15703.0000000 9.2376000 9.3075046 9.4980466 0.3224646 0.7121458 1.1015200
15745.0000000 9.0731169 9.1430328 9.2933923 0.0992353 0.3185978 0.9126944
15752.0000000 9.5085448 9.6583466 9.8319297 0.2637210 0.4755644 0.8685028
15774.0000000 10.2493992 10.4062719 10.7560000 1.0677781 1.4801615 1.7277585
15869.0000000 9.0816453 9.4395015 9.7196058 -0.6156454 1.2871241 1.4756551
15923.0000000 9.0554902 9.3276726 9.6537920 0.8105600 1.3928727 1.5438944
15958.0000000 9.4907887 9.6551947 9.8202992 0.5273493 0.9403172 1.3079440
15966.0000000 9.9145867 10.0661001 10.3166846 1.0870632 1.4248011 1.7902658
15987.0000000 9.5893561 9.6984203 9.8281779 -0.1627022 0.8735043 1.1507016
15990.0000000 9.1435669 9.2585000 9.3506996 -1.5461655 -0.0346702 0.4303378
16047.0000000 9.8186415 9.9550000 10.0627768 0.6938575 0.9971320 1.1782884
16048.0000000 9.8625106 9.9909650 10.2752687 1.1589444 1.8302273 2.0369594
16122.0000000 9.4811166 9.5687046 9.7164832 0.5143028 0.7615799 1.1810334
16235.0000000 9.0461253 9.4825350 9.6189951 0.5310752 1.0313600 1.3512800
16274.0000000 9.0657694 9.1389762 9.2949500 -0.1419079 0.5179872 0.8199190
16335.0000000 10.7001760 10.8745868 11.0467067 -4.2332623 -1.5374250 0.1369522
16359.0000000 10.2929724 10.4485000 10.5489443 -4.2371052 -1.4002859 -0.5639298
16434.0000000 10.5593803 10.7800000 10.9056199 -0.8021948 1.1913534 1.5722261
16439.0000000 10.6359021 10.7424347 10.9775618 1.2178428 1.6745059 1.9762050
16454.0000000 10.1861078 10.3443500 10.5701179 0.3093969 1.7387150 1.9367613
16513.0000000 10.5941128 10.7361814 10.8495387 -0.0398788 0.6970000 1.2067041
16696.0000000 9.6224564 9.7085000 9.8794751 0.6202703 1.2964186 1.5031376
16713.0000000 9.5666188 9.6775441 9.8397808 0.2435515 0.7192036 1.0789008
16853.0000000 9.5325591 9.5985000 9.8799316 0.8537903 1.0360009 1.5421843
16870.0000000 8.7849830 8.9821305 9.1029897 0.0124795 0.6142020 1.4297464
16920.0000000 9.8046159 9.9540000 10.0333067 -0.9896308 -0.5139096 -0.0598784
17025.0000000 8.9745175 9.0884970 9.2797171 -0.0003578 0.2095990 0.7609353
17061.0000000 9.5144141 9.6950687 9.8130529 -0.5135923 0.0139895 1.2671208
17063.0000000 10.1433397 10.3055000 10.4165995 -3.6256415 -1.5940000 0.8161468
17097.0000000 9.1595608 9.2169886 9.3632958 0.0820646 0.4074546 1.0076800
17184.0000000 9.1324741 9.2268800 9.3674142 -0.0987226 0.3604840 1.2284800
17210.0000000 10.4343763 10.5577102 10.8713024 0.5983653 1.5717554 1.8090132
17213.0000000 9.9430120 10.0956660 10.2590955 0.5209658 0.9182992 1.2158312
17224.0000000 9.2165457 9.2715404 9.4927085 -0.0389141 0.3331910 0.7546284
17232.0000000 9.2016019 9.2933054 9.5819681 -0.2538813 0.8302860 1.0449316
17244.0000000 10.0701976 10.3683215 10.4982607 0.7695892 1.2370000 1.6717376
17253.0000000 9.3624800 9.4623448 9.6465907 -0.9074402 0.4302364 0.7058322
17264.0000000 9.7771628 9.8750000 10.0151059 0.7708741 1.2613963 1.5595964
17375.0000000 10.0251847 10.1092958 10.2516128 -0.1761225 1.4238027 1.5857366
17417.0000000 11.4829961 11.5890000 11.7480181 -11.6998582 -0.7520267 0.1191739
17421.0000000 8.9890783 9.1952250 9.3761820 0.6506326 1.0024500 1.3146966
17432.0000000 10.8840997 11.0050000 11.1478532 -1.0555419 -0.4054111 -0.0385924
17473.0000000 9.3345376 9.4010000 9.6011301 0.4155359 0.7470000 0.8909200
17651.0000000 9.3152907 9.4362220 9.7350481 0.6846913 1.1804126 1.2944573
17842.0000000 9.5469352 9.6000000 9.7996994 0.5010600 0.8974871 1.3384800
18047.0000000 10.4672659 10.6407443 10.7645291 -4.6596024 -2.3511200 -0.6439695
18129.0000000 10.3908057 10.5270000 10.6528081 -6.2041923 -2.1000000 -0.9015060
18131.0000000 9.9947140 10.0846611 10.1933650 1.1215719 1.4467211 1.6053200
18145.0000000 8.7535690 8.8604971 9.1174814 0.1246956 0.5130044 1.1183064
18159.0000000 10.8397169 11.1050000 11.1705172 1.0672548 1.2876501 1.8698014
18325.0000000 10.3292490 10.4500000 10.6313046 1.1989930 1.5270000 1.8013691
18374.0000000 8.8044910 8.9179071 9.0385738 0.2777296 0.6520000 1.1734166
18379.0000000 9.5144968 9.5769362 9.6560037 0.4718320 0.8409552 1.3652000
18404.0000000 9.0444168 9.1382336 9.2521574 -0.5298076 0.2226384 0.5777894
18412.0000000 8.8498088 8.8979436 9.1278847 0.2604008 0.4823580 1.1016400
18442.0000000 9.2315351 9.3743368 9.4601318 0.3662326 0.7919780 1.1492800
18571.0000000 8.8456200 9.0165000 9.1916150 0.0586684 0.3367316 0.8808800
18618.0000000 9.5931871 9.6811716 9.8130116 0.1141376 0.4275537 1.5994069
18660.0000000 10.1316120 10.2531826 10.3544215 0.4890445 0.9568568 1.4361455
18714.0000000 10.2136134 10.4239368 10.5088539 0.5179284 1.1090000 1.4146704
18731.0000000 9.3060834 9.4028767 9.5384978 0.0300000 0.2933146 0.6583632
18766.0000000 9.9268161 10.1044420 10.2490544 -1.3607305 0.5723720 1.3611512
18820.0000000 10.3755789 10.6150906 10.7218396 1.3087537 1.7570000 2.1774411
18907.0000000 9.5907768 9.7360000 9.8976887 0.2321447 0.5783140 0.9852126
18940.0000000 10.1180058 10.2093436 10.3491402 -6.8114500 -2.0605307 -0.2538053
18945.0000000 9.1619195 9.2490767 9.4304698 0.0969241 0.3471348 1.4251200
19132.0000000 8.9822976 9.0745348 9.1757420 -0.3258471 0.2019431 0.8172744
19135.0000000 9.7802566 9.8778563 10.0850614 0.1406970 1.0748895 1.3362767
19175.0000000 8.9861792 9.1371494 9.2949953 0.3183856 0.6970000 1.0374118
19201.0000000 9.1163466 9.2440037 9.3626283 -0.0283095 0.2263757 0.7688000
19421.0000000 10.1213737 10.2708253 10.5098086 0.6912878 1.1854257 1.5689164
19507.0000000 10.3286589 10.4882990 10.7596000 0.1688600 0.9560600 1.8747212
19632.0000000 9.8516410 9.9175351 10.1495381 0.8475571 1.3270000 1.5047868
20065.0000000 9.1109602 9.1976922 9.4007530 0.5474006 0.6641905 1.0669400
20167.0000000 9.8550238 9.8956700 10.2351115 0.9069908 1.5448531 1.6426756
20260.0000000 9.5241080 9.6790000 9.7895846 0.1381991 0.6110748 1.2300241
20343.0000000 9.6292380 9.7500276 9.8585073 0.5987702 0.9300000 1.1896844
20538.0000000 9.4193168 9.5375750 9.6278637 0.4742437 0.7872621 1.1580756
20626.0000000 9.4778376 9.6052766 9.7764914 0.4263552 0.8018825 1.0166963
20638.0000000 10.3318730 10.5350000 10.6771564 1.0776995 1.3248671 1.7500518
20662.0000000 9.0242771 9.1162307 9.2804811 -0.0119522 0.2437819 0.4761006
20859.0000000 8.9948800 9.0429627 9.2382600 -0.1739835 0.0057507 0.2952257
21037.0000000 10.1594581 10.2891692 10.5375617 0.2034731 1.3104657 1.7335701
21173.0000000 9.4301654 9.5357763 9.6541720 0.1488508 0.4732533 0.9380675
21200.0000000 9.1696138 9.2420000 9.3781666 -0.2269449 -0.0105342 0.6353007
21225.0000000 9.2697716 9.3655074 9.5404854 0.1805904 0.4059012 0.7523714
21314.0000000 8.8445364 8.9730000 9.1430851 0.1317423 0.3363752 1.1921168
21328.0000000 9.4645007 9.7305929 9.9327746 0.4044999 1.3288000 1.4042313
21378.0000000 9.2816939 9.4276052 9.7028282 0.1775827 1.2240000 1.3462070
21707.0000000 10.3190000 10.4619505 10.6154280 0.5097005 1.3156770 1.7138112
21771.0000000 10.6785789 10.7460000 10.8884230 -25.7287626 -3.0000000 -1.1106542
21893.0000000 10.2846428 10.3830000 10.4763284 -6.6072910 -2.0965400 -0.1097345
21925.0000000 10.8240285 10.9100000 11.0907433 -3.5977680 -0.8100000 0.4440441
21962.0000000 9.2684800 9.3821689 9.5478412 0.1766091 0.6211256 0.9945925
21970.0000000 9.0648976 9.2290000 9.4065571 -0.8450592 0.1535405 0.6648657
22001.0000000 11.1639157 11.2775000 11.3973527 -5.6090033 -1.0924295 0.5089326
22058.0000000 10.4477864 10.7100000 10.8458306 0.6638640 0.9375300 1.6136080
22172.0000000 9.6364507 9.8870000 10.5182983 -4.2085337 1.7142431 2.0575401
22278.0000000 10.2977919 10.4402874 10.5930174 0.5730697 0.8939860 1.3726743
22311.0000000 8.7922544 8.9408474 9.0574382 -0.3485567 0.1320034 0.2857090
22342.0000000 9.8966494 9.9748951 10.1550046 -0.1510438 0.7286928 0.9996277
22370.0000000 10.6263920 10.7862644 10.9972734 0.4610253 1.9462295 2.1952284
22384.0000000 10.0137131 10.0979371 10.3505908 0.5839800 1.2997738 1.4587244
22455.0000000 9.9903170 10.2862388 10.4803893 0.4606779 1.6770000 1.9682155
22631.0000000 8.9233188 9.0420000 9.1749721 -0.0960819 0.1230018 0.5662473
22696.0000000 9.1008345 9.1671364 9.3296693 -0.1566798 0.0900000 1.0280971
22726.0000000 8.8974041 8.9482466 9.0929241 -0.0937351 0.2099303 0.5415122
22794.0000000 9.8389911 10.0565000 10.1346923 -3.7466680 -0.0746879 0.5783768
22803.0000000 9.1984152 9.2987708 9.4694470 0.2934481 0.5100000 1.3635072
22832.0000000 9.4655881 9.5370521 9.6247884 -0.4934625 0.4107772 0.8146106
22833.0000000 10.4253309 10.5177500 10.6883673 0.5618401 1.1470000 1.5865920
22846.0000000 10.3214309 10.3843179 10.4186482 -1.3739691 -0.6279135 -0.0712223
22856.0000000 9.9293420 9.9792247 10.1686061 0.4479864 1.0333956 1.4006708
22918.0000000 10.6097272 10.7770000 10.9231163 -3.9045631 -1.5715412 -0.5040257
23052.0000000 9.9425608 9.9847027 10.1536467 0.8938652 1.2699797 1.5818928
23085.0000000 8.9130417 9.0871404 9.3700821 0.2254822 0.7320000 1.0213558
23155.0000000 9.1429450 9.2651069 9.4073511 0.1717659 0.4600000 1.2481692
23249.0000000 9.5353961 9.6761984 9.9424000 0.0469600 0.4018826 1.1954640
23315.0000000 9.9105479 10.1550000 10.1837329 -0.4991764 0.4939014 0.8415073
23350.0000000 9.3974988 9.5769026 9.6661355 -0.7604259 -0.3799703 0.5297526
23440.0000000 10.0059169 10.1502002 10.3711882 0.9420370 1.2527802 1.3735391
23450.0000000 9.2121499 9.2691505 9.4614569 0.4663047 0.8620000 1.2856800
23490.0000000 9.6709941 9.8440000 9.8769613 -0.8737462 0.0705273 0.8049290
23569.0000000 9.1705696 9.3099798 9.5487390 0.2982623 0.7736861 1.1764398
23578.0000000 10.3178828 10.3576000 10.5305592 -1.1150700 -0.4780000 0.8978981
23684.0000000 9.3853000 9.4916881 9.6511979 -0.3303947 0.6886245 0.9425729
23719.0000000 8.9983059 9.1089669 9.2287523 0.0384439 0.3882078 0.5904806
23760.0000000 10.3886521 10.5850000 10.6878400 -0.3957155 0.4926279 0.8093200
23794.0000000 10.5228000 10.5803949 10.7388540 -0.1401575 0.0052668 0.9230296
23816.0000000 9.0043855 9.0879374 9.2253883 -0.1546869 0.5978686 0.9448000
23843.0000000 9.3851868 9.5200000 9.7719976 0.4195905 0.7470000 1.1321077
23850.0000000 8.7736568 8.9964175 9.1543689 0.1803785 0.3636466 0.9672000
23854.0000000 9.5191725 9.7495000 10.0944670 1.0939206 1.4674157 1.7740660
23881.0000000 9.5017065 9.6213996 9.7042815 -0.1827600 0.2143934 0.4211928
23902.0000000 8.7905093 8.9122798 9.1960757 0.3229338 0.6713615 0.8547762
23926.0000000 10.0830887 10.2033630 10.3922129 0.1174306 1.0320000 1.2890223
23940.0000000 9.0996933 9.1946362 9.3985560 0.2929789 0.6231802 1.1397600
24065.0000000 8.6735934 8.8200000 8.9680214 0.2552608 0.5100916 1.0770800
24129.0000000 10.7376578 10.8698960 10.9147625 0.3882693 0.8060009 1.3565628
24143.0000000 9.2102509 9.2560000 9.4376619 0.1369182 0.3278900 0.8673272
24184.0000000 10.2191843 10.3615495 10.5029239 0.7921480 1.2581623 1.5357512
24256.0000000 9.4434018 9.5776071 9.7915879 0.5598569 0.8859100 1.0598660
24312.0000000 9.9110602 10.0971665 10.1495856 0.1007749 0.4600746 1.3036880
24315.0000000 10.1389842 10.2695000 10.3937129 1.1155819 1.4349797 1.6766878
24335.0000000 9.1731209 9.3221587 9.3658703 -0.4716110 -0.2936796 0.6997878
24347.0000000 10.7555705 10.9257974 11.0265422 -5.9397094 -1.4063817 0.2078151
24353.0000000 10.1928762 10.3760514 10.4896248 0.8572916 1.2446700 1.6617688
24354.0000000 9.6326608 9.7250000 9.9811959 0.7521433 1.2050000 1.4917600
24371.0000000 10.7288925 10.9494603 11.0347580 -0.5698242 0.3588862 1.6078189
24388.0000000 8.9491581 9.1824653 9.3532007 -0.0953164 0.3621826 0.7052242
24407.0000000 9.7096476 9.8297498 9.9169320 -1.9969010 -0.9130000 0.2256232
24496.0000000 10.4137878 10.8030400 11.0949262 0.1329863 2.5096057 2.7594039
24510.0000000 9.7085776 9.8242072 9.9627594 0.5911613 1.0756962 1.4028996
24719.0000000 9.2480668 9.3846390 9.4493176 0.1353802 0.2794388 0.7824769
24778.0000000 10.7532487 10.9930343 11.1115504 0.1386552 1.6900000 1.9262360
24784.0000000 9.0785200 9.1339934 9.3851078 0.1404918 0.3131709 0.8729200
24785.0000000 9.1506424 9.4207417 9.6444205 0.0691792 1.3625478 1.7561974
24813.0000000 9.1658260 9.2722986 9.7117718 0.6610508 0.9817280 1.3780376
24850.0000000 9.0694194 9.2832707 9.3979750 -0.0036643 0.3879454 0.7670904
24861.0000000 9.9162475 10.1100000 10.3535642 -0.4393392 0.2539900 1.2706980
24942.0000000 10.0627280 10.1696814 10.2994194 1.0032713 1.3887669 1.7381504
25027.0000000 9.4207832 9.5067534 9.6854308 0.0321759 0.3224261 0.7264645
25036.0000000 9.5663279 9.8260000 10.1416026 0.8428906 1.5300000 1.6907488
25059.0000000 10.7748000 10.8740028 11.0085169 -5.8429803 -1.1710790 0.1344391
25119.0000000 9.9413783 10.1150000 10.3084955 0.8706914 1.6235594 1.7860973
25136.0000000 9.7114468 9.8555000 9.9970541 0.4651367 0.7650000 1.1417595
25205.0000000 11.2334137 11.4100000 11.5078529 0.8560682 1.1718350 1.6356088
25210.0000000 9.0330512 9.1887767 9.3779544 -0.0567200 0.2938385 0.6285410
25245.0000000 10.4379120 10.5514168 10.7086013 0.5270056 0.9276700 1.2179439
25247.0000000 9.1861286 9.2684810 9.4870433 0.2563883 0.5744588 0.8532320
25249.0000000 10.6920755 10.8536083 10.9671724 -6.1710220 -1.2036964 0.4444777
25269.0000000 9.5778475 9.6467847 9.8745172 0.6222995 0.9474911 1.1824973
25294.0000000 10.6246237 10.7700671 10.9983024 0.9219137 1.7192401 2.1473520
25340.0000000 9.1395287 9.2335000 9.3092783 0.0972555 0.5525200 0.7658095
25372.0000000 9.4156279 9.4940497 9.6549401 0.3926152 0.8562454 1.2491228
25388.0000000 9.0503045 9.1534009 9.2663951 -0.6583720 -0.1813812 0.2955600
25405.0000000 8.9711160 9.3715000 9.6419011 -2.9734799 -0.1209041 0.9330232
25464.0000000 10.8202333 10.8981000 11.0332673 -9.7605363 -0.8988143 0.2021738
25488.0000000 10.8876834 10.9477000 11.1276001 -0.9330798 -0.2458666 0.8167893
25564.0000000 9.0938471 9.2062155 9.3664810 -1.1680061 -0.3000000 0.6156674
25572.0000000 10.7184828 10.8210000 10.9526561 0.6574024 1.0358417 1.6952589
25680.0000000 9.4767187 9.6537076 9.7790424 -1.3165362 -0.1300000 1.0850400
25793.0000000 9.6451217 9.8250000 9.8743625 0.0736066 0.5750518 0.8442708
26038.0000000 9.3363624 9.4769465 9.6822450 0.0079481 0.4410212 1.4435586
26091.0000000 10.2969481 10.3400000 10.4835226 1.0631838 1.4859139 1.7808504
26172.0000000 10.0231596 10.1856813 10.2896550 -0.2511970 0.1331624 0.8961280
26184.0000000 9.9238974 10.1371421 10.3006811 0.8858341 1.4397254 1.7224800
26254.0000000 9.7320816 9.7950000 10.0181148 1.1234780 1.2100000 1.3793304
26299.0000000 9.8933324 10.0936509 10.3119600 0.7263518 1.2468911 1.6402480
26344.0000000 9.4857883 9.5377736 9.8081386 0.5563978 0.8110273 1.1294664
26396.0000000 8.9616760 9.1230000 9.2417077 -0.0931220 0.2837534 0.6097891
26397.0000000 9.7064051 9.8966667 10.2699969 1.3743849 1.7478358 1.8587280
26475.0000000 9.4066877 9.4895000 9.6679067 0.4416551 0.7280858 0.9424947
26490.0000000 8.8755738 9.0283186 9.2439204 0.2478231 0.4604468 0.6799144
26534.0000000 10.7949018 10.8915009 11.0152669 -6.7032498 -1.6400000 -1.0612512
26599.0000000 8.7941041 8.9979823 9.1581085 -0.1542847 0.2413267 0.6074971
26604.0000000 9.0327116 9.1142435 9.3205492 -0.0512146 0.1819846 0.5569546
26617.0000000 9.5226478 9.6585000 9.8712293 0.5545283 0.9670000 1.1088620
26646.0000000 9.4070968 9.4701797 9.5943497 0.3464351 0.8868854 1.1902388
26721.0000000 9.9700714 10.0765139 10.3436623 0.3688691 0.8491042 1.1689863
26754.0000000 10.8843306 11.0940396 11.1958430 1.4469267 1.8500000 2.0302462
