# ID    tau_v16   tau_v50   tau_v84   age_mw16   age_mw50   age_mw84   Mstar16   Mstar50   Mstar84   SFR16_7   SFR50_7   SFR84_7   SFR16_8   SFR50_8   SFR84_8 Av Av_std 
  10056         1.287   3.447   5.107   8.975   9.025   9.225   9.617   9.627   9.702 0.117   0.342   0.372 0.122   0.352   0.382 0.6325 0.0147197987418 
  10075         0.362   0.712   2.202   8.225   8.675   8.975   8.912   9.087   9.102 0.048   0.122   0.517 0.043   0.127   0.522 0.7225 0.0156129753731 
  10099         1.117   2.957   4.987   8.675   8.925   9.125   9.802   9.847   9.947 0.607   0.722   0.807 0.612   0.722   0.812 0.555 0.0137766641463 
  10246         0.812   0.812   1.017   8.625   8.625   8.725   9.027   9.042   9.042 0.087   0.192   0.207 0.097   0.207   0.222 0.325 0.00854392181612 
  1025         1.127   1.197   1.772   8.925   8.925   9.075   9.607   9.622   9.727 0.073   0.053   0.397 0.068   0.048   0.407 0.215 0.00629578231835 
  10413         1.127   1.427   1.427   9.275   9.275   9.425   11.290   11.300   11.350 1.552   1.582   1.597 1.557   1.592   1.607 0.64 0.0141914586988 
  10465         0.432   1.392   1.697   8.675   8.725   8.825   9.287   9.307   9.327 0.247   0.322   0.392 0.252   0.327   0.402 0.145 0.00620657715653 
  10496         1.742   1.747   1.747   9.325   9.425   9.425   10.470   10.510   10.540 0.617   0.637   0.692 0.627   0.647   0.697 0.805 0.0175784605412 
  10679         0.442   0.442   0.977   8.775   8.875   8.975   9.617   9.692   9.817 0.642   0.662   1.017 0.642   0.662   1.017 0.5675 0.0149403815212 
  11058         1.082   1.152   2.577   8.775   8.825   9.225   9.677   9.717   9.842 0.107   0.617   0.697 0.612   0.687   0.807 0.6275 0.0152579782409 
  11156         1.472   1.472   1.472   8.825   8.825   8.825   9.127   9.132   9.142 1.278   1.273   1.263 0.582   0.587   0.597 0.13 0.00265403466443 
  11425         0.252   0.342   0.342   8.425   8.675   8.675   8.852   8.987   9.007 0.093   0.037   0.057 0.083   0.052   0.072 0.035 0.00217140507506 
  11618         0.742   1.017   1.377   8.725   8.925   9.025   10.310   10.340   10.380 1.107   1.182   1.422 1.122   1.187   1.427 0.8 0.0166630999517 
  11981         2.117   2.117   2.117   9.325   9.325   9.325   10.580   10.580   10.590 0.953   0.948   0.943 0.938   0.933   0.928 0.375 0.00717337263775 
  1205         0.767   0.767   0.852   8.375   8.375   8.425   8.832   8.842   8.862 0.008   0.292   0.302 0.062   0.302   0.312 0.51 0.0109435586077 
  12216         2.902   2.902   3.232   8.425   8.525   8.525   9.447   9.527   9.537 0.797   0.812   0.817 0.802   0.817   0.822 0.9975 0.0212928884842 
  12304         0.312   0.312   2.997   8.475   8.875   8.875   9.417   9.562   9.592 0.522   0.557   0.792 0.522   0.557   0.802 0.275 0.00896106020513 
  12354         0.737   0.737   0.737   8.375   8.375   8.375   8.887   8.897   8.907 0.302   0.317   0.327 0.322   0.332   0.342 0.3125 0.00821385871561 
  1256         1.692   1.692   1.692   9.025   9.025   9.025   11.100   11.100   11.110 0.907   0.912   0.922 0.907   0.912   0.922 0.9125 0.017657035425 
  12588         0.882   2.912   2.912   8.125   8.525   8.925   9.062   9.117   9.257 0.172   0.467   0.777 0.172   0.477   0.777 0.975 0.0210747692751 
  12829         0.677   1.262   3.477   9.025   9.125   9.325   9.462   9.512   9.572 0.043   0.062   0.232 0.033   0.072   0.237 0.21 0.007310266753 
  12997         0.567   0.567   0.567   8.575   8.575   8.575   9.462   9.477   9.487 0.697   0.712   0.722 0.707   0.722   0.732 0.2875 0.00761228447971 
  13086         0.392   0.392   0.557   8.475   8.575   8.575   9.017   9.117   9.127 0.287   0.302   0.337 0.302   0.317   0.347 0.18 0.00472653149783 
  13097         1.352   1.367   3.347   8.775   8.775   8.825   10.330   10.350   10.360 1.332   1.347   1.362 1.342   1.357   1.377 0.965 0.0220223954192 
  13249         1.637   3.992   3.992   8.625   8.625   8.675   9.807   9.852   9.862 0.487   0.497   0.697 0.492   0.502   0.712 1.37 0.026340176537 
  13312         1.337   1.337   1.337   8.775   8.775   8.775   9.437   9.447   9.457 0.497   0.507   0.512 0.497   0.507   0.512 0.675 0.0151786453612 
  13400         0.542   1.217   1.217   8.275   8.275   8.475   9.407   9.417   9.477 0.792   0.972   0.977 0.797   0.972   0.977 0.3975 0.0115395786318 
  13601         2.922   2.922   2.922   9.025   9.025   9.025   11.100   11.120   11.120 1.727   1.742   1.742 1.742   1.757   1.757 1.4125 0.0296135150734 
  13637         0.767   0.767   0.767   9.225   9.225   9.225   10.610   10.620   10.620 0.168   0.163   0.158 0.153   0.148   0.143 0.3375 0.00650519792166 
  13890         0.227   0.227   0.227   8.875   8.875   8.875   9.207   9.212   9.222 0.468   0.463   0.453 0.468   0.463   0.453 0.04 0.00182745724984 
  13903         1.082   1.082   1.082   8.875   8.875   8.875   9.372   9.382   9.392 0.327   0.337   0.347 0.327   0.337   0.347 0.605 0.0133592701896 
  13995         0.722   1.092   1.092   8.075   8.075   8.125   8.747   8.762   8.832 0.412   0.447   0.467 0.427   0.462   0.482 0.4525 0.0124424676009 
  14098         0.787   1.437   2.432   8.475   8.625   8.775   9.472   9.507   9.557 0.377   0.512   0.762 0.392   0.527   0.777 0.6775 0.0150596306396 
  14099         0.652   1.722   2.407   8.675   8.675   8.775   9.767   9.792   9.862 0.882   0.947   0.972 0.882   0.952   0.977 0.4125 0.0118488174515 
  14222         3.717   4.252   4.252   8.475   8.525   8.525   9.062   9.062   9.112 0.317   0.317   0.437 0.327   0.327   0.447 0.6025 0.012327906351 
  14246         2.877   2.877   2.877   8.875   8.875   8.875   10.510   10.510   10.510 1.432   1.432   1.432 1.437   1.437   1.437 2.67 0.0520366457412 
  14288         0.367   0.367   0.477   8.275   8.375   8.375   9.112   9.142   9.147 0.512   0.527   0.602 0.527   0.542   0.627 0.245 0.0054043755421 
  143         0.372   0.917   1.872   8.775   8.825   9.125   9.402   9.437   9.512 0.097   0.622   0.772 0.102   0.627   0.662 0.8025 0.020651329255 
  14637         3.817   3.817   3.817   8.325   8.325   8.325   10.090   10.090   10.090 1.547   1.572   1.572 1.557   1.582   1.582 1.215 0.0245545637306 
  14650         0.402   0.402   0.402   8.775   8.775   8.775   8.922   8.922   8.922 0.043   0.043   0.043 0.033   0.033   0.033 0.255 0.00554096336389 
  14773         0.402   0.402   0.402   9.375   9.375   9.375   9.632   9.637   9.652 0.043   0.023   0.018 0.038   0.018   0.013 0.1825 0.00478147205367 
  14782         0.497   1.127   1.242   8.275   8.525   8.575   9.472   9.502   9.547 0.782   0.817   0.972 0.787   0.817   0.987 0.495 0.0115605482136 
  15122         0.957   1.342   2.527   8.925   9.025   9.125   10.090   10.150   10.180 0.837   0.872   0.932 0.837   0.882   0.937 0.71 0.0165507545145 
  15154         1.087   1.087   1.087   9.225   9.225   9.225   9.342   9.347   9.347 1.648   1.643   1.643 1.633   1.628   1.628 0.59625 0.0110226176564 
  15300         2.882   2.882   3.382   7.825   8.925   8.925   8.742   9.017   9.017 0.642   0.642   0.727 0.277   0.277   0.732 0.6475 0.0178492934034 
  15336         3.917   3.917   3.917   9.275   9.275   9.275   11.170   11.170   11.170 0.567   0.567   0.567 0.582   0.582   0.582 3.15625 0.0582281152022 
  15585         0.407   0.407   1.507   8.025   8.425   8.475   8.902   9.032   9.062 0.427   0.447   0.747 0.432   0.452   0.757 0.495 0.0128612003717 
  15704         0.607   1.217   2.272   8.225   8.275   8.325   9.202   9.217   9.227 0.687   0.777   0.812 0.687   0.777   0.822 0.3925 0.00930762456269 
  15746         0.002   0.002   0.002   7.075   7.075   7.075   7.002   7.002   7.002 2.998   2.998   2.998 2.998   2.998   2.998 0.0325 0.00122131077126 
  15753         0.622   1.197   2.257   8.925   8.925   9.025   9.577   9.592   9.647 0.427   0.472   0.487 0.432   0.477   0.492 0.3225 0.00960960326965 
  15775         2.302   2.827   2.827   8.825   8.825   9.175   10.550   10.560   10.690 1.297   1.317   1.362 1.302   1.322   1.362 1.6675 0.034054287175 
  15870         0.662   0.877   1.192   8.275   8.375   8.625   9.422   9.482   9.507 0.717   0.897   0.962 0.727   0.917   0.977 0.54 0.0124583496098 
  15924         3.167   3.167   3.167   9.275   9.275   9.275   9.642   9.662   9.682 1.082   1.102   1.122 1.087   1.102   1.122 0.7275 0.0167269273927 
  15959         0.682   1.392   2.397   8.725   8.775   8.875   9.527   9.577   9.642 0.527   0.587   0.682 0.537   0.592   0.682 0.4175 0.0119873631379 
  15967         2.347   3.112   3.122   8.925   8.925   9.025   10.250   10.340   10.350 0.887   0.907   1.027 0.892   0.912   1.067 1.945 0.0370494058657 
  15988         0.657   0.922   2.377   8.725   9.025   9.175   9.682   9.762   9.807 0.252   0.447   0.722 0.267   0.457   0.732 0.915 0.0197052651593 
  15991         0.227   0.387   0.387   8.725   8.975   8.975   9.012   9.137   9.147 0.958   0.948   0.693 0.953   0.943   0.683 0.075 0.00184018341477 
  1603         0.532   2.872   2.872   7.825   7.825   8.575   8.992   9.007   9.137 0.492   0.972   0.987 0.492   0.987   1.002 0.8075 0.0172614273744 
  16048         1.432   1.787   1.787   8.625   8.625   8.725   9.792   9.837   9.867 0.532   0.622   0.632 0.547   0.627   0.637 0.455 0.0110644701635 
  16049         4.072   4.072   4.072   8.475   8.475   8.475   10.290   10.300   10.300 1.617   1.627   1.627 1.627   1.637   1.637 1.685 0.0335414739539 
  1609         0.452   0.452   0.452   8.825   8.825   8.825   9.052   9.052   9.052 0.133   0.133   0.133 0.133   0.133   0.133 0.1975 0.00440198818717 
  16123         1.332   1.777   2.047   8.725   8.725   8.925   9.552   9.577   9.627 0.422   0.622   0.677 0.427   0.622   0.687 0.845 0.0193978710172 
  16236         0.837   0.837   0.837   8.425   8.425   8.425   9.487   9.492   9.497 0.862   0.867   0.877 0.877   0.882   0.892 0.71 0.0139841016873 
  16275         0.327   1.737   1.737   8.725   9.225   9.225   9.217   9.247   9.277 0.327   0.702   0.722 0.327   0.702   0.722 0.5625 0.0144587724237 
  16336         1.822   1.822   1.822   9.375   9.375   9.375   10.920   10.930   10.930 0.048   0.043   0.038 0.033   0.028   0.023 0.605 0.0116388261865 
  16360         1.887   1.887   1.887   9.325   9.325   9.325   10.650   10.650   10.660 0.188   0.188   0.183 0.183   0.183   0.178 1.315 0.0243953781483 
  16435         1.647   2.122   2.122   9.275   9.275   9.325   10.830   10.840   10.880 1.037   1.117   1.122 1.052   1.122   1.127 1.2525 0.0263797322769 
  16440         1.602   3.207   3.207   9.275   9.275   9.325   10.950   10.970   11.080 1.382   1.527   1.552 1.392   1.527   1.552 1.47 0.0320716459665 
  16455         0.902   0.902   2.112   8.625   8.625   8.925   10.360   10.360   10.440 0.257   1.577   1.577 1.577   1.577   1.972 0.71 0.0151526986045 
  16514         2.262   2.262   2.262   8.925   8.925   8.925   10.680   10.690   10.700 0.607   0.617   0.622 0.607   0.617   0.622 1.1175 0.0209682116548 
  16697         2.097   2.207   2.207   8.075   8.325   8.325   9.602   9.702   9.702 1.312   1.312   1.342 1.312   1.312   1.352 1.1325 0.0250411780873 
  16714         1.017   1.017   5.097   8.875   9.025   9.075   9.672   9.772   9.777 0.487   0.497   0.572 0.497   0.507   0.577 0.855 0.0167254775717 
  16854         1.032   1.032   1.817   8.775   8.825   8.875   9.672   9.712   9.727 0.502   0.687   0.702 0.602   0.702   0.787 0.5175 0.012245668622 
  16871         0.932   0.932   0.932   9.425   9.425   9.425   9.142   9.142   9.142 1.132   1.132   1.132 0.157   0.157   0.157 0.9275 0.0257622257385 
  16921         1.367   1.367   1.367   9.125   9.125   9.125   9.757   9.762   9.772 0.583   0.578   0.568 0.578   0.573   0.563 0.35 0.00727130490352 
  1695         0.712   1.117   1.117   8.375   8.375   8.875   9.122   9.137   9.257 0.097   0.557   0.582 0.112   0.562   0.582 0.59875 0.0131532610025 
  170         0.127   0.127   0.127   8.775   8.775   8.775   8.707   8.722   8.722 0.233   0.218   0.218 0.228   0.213   0.213 0.1225 0.00250207913544 
  17026         0.607   0.607   2.447   8.525   8.525   8.575   8.997   9.002   9.017 0.468   0.453   0.277 0.282   0.347   0.362 0.48 0.0091171870662 
  17062         1.677   1.677   1.677   9.175   9.175   9.175   9.462   9.467   9.477 1.173   1.168   1.158 1.168   1.163   1.153 0.0775 0.00221169618167 
  17064         4.062   4.062   4.062   9.475   9.475   9.475   10.380   10.400   10.400 1.158   1.143   1.143 1.138   1.123   1.123 0.99 0.0183879607352 
  17098         0.477   1.257   2.157   8.325   8.325   8.625   9.072   9.117   9.152 0.312   0.582   0.617 0.322   0.587   0.627 0.54 0.0129069080341 
  17185         0.527   0.527   4.227   8.625   8.875   8.875   9.157   9.167   9.172 0.533   0.523   0.372 0.317   0.327   0.377 0.5925 0.0130619016609 
  17211         3.427   3.427   4.972   8.975   8.975   9.425   10.640   10.640   10.940 1.342   1.407   1.412 1.342   1.417   1.422 1.7525 0.0369081955668 
  17214         1.047   1.882   4.167   8.875   9.075   9.225   10.020   10.150   10.220 0.288   0.667   0.977 0.273   0.677   0.977 1.4975 0.0300919968596 
  17225         0.017   0.087   0.087   8.775   8.775   9.325   9.182   9.192   9.297 0.908   0.013   0.008 0.003   0.002   0.297 0.05 0.00150308848708 
  17233         0.862   3.827   3.827   7.875   7.875   8.875   9.237   9.237   9.362 1.097   1.182   1.182 1.097   1.187   1.187 0.9325 0.0193756619242 
  17245         3.072   3.072   3.982   8.975   9.025   9.175   10.360   10.380   10.490 0.912   1.007   1.177 0.997   1.017   1.252 2.14625 0.0433494668364 
  17254         0.377   1.297   2.762   9.025   9.125   9.225   9.432   9.497   9.577 0.033   0.057   0.147 0.023   0.057   0.157 0.13 0.00514627049425 
  17265         0.947   0.947   2.152   8.325   8.675   8.675   9.792   9.822   9.852 0.957   0.972   1.127 0.962   0.982   1.137 0.37 0.00986268726058 
  17376         1.852   1.852   1.852   8.775   8.775   8.775   10.120   10.130   10.140 1.157   1.167   1.177 1.162   1.172   1.182 0.45 0.0119549738603 
  17418         0.002   0.002   0.002   7.075   7.075   7.075   7.002   7.002   7.002 2.998   2.998   2.998 2.998   2.998   2.998 0.23875 0.00490732870307 
  17422         0.387   0.387   0.387   8.325   8.325   8.325   9.092   9.102   9.117 0.587   0.597   0.612 0.592   0.602   0.617 0.1575 0.00449965276438 
  17433         1.827   2.937   2.937   9.225   9.225   9.525   11.190   11.190   11.250 0.457   0.882   0.887 0.472   0.887   0.892 2.0 0.0371698802796 
  17474         3.492   3.492   4.422   7.875   7.875   8.025   9.307   9.317   9.387 1.142   1.212   1.217 1.157   1.217   1.222 1.3275 0.025816891273 
  17652         0.552   2.487   2.487   8.125   8.125   8.125   9.387   9.397   9.412 1.067   1.077   1.092 1.072   1.082   1.092 0.3275 0.00880483389963 
  1772         4.152   4.152   4.152   9.275   9.275   9.275   9.822   9.832   9.842 0.267   0.277   0.287 0.272   0.277   0.287 1.6875 0.0345100604897 
  17843         0.017   0.017   3.592   8.175   9.325   9.325   9.507   9.717   9.732 0.483   0.473   1.132 0.717   0.732   1.137 0.73 0.0151372677521 
  18048         3.197   3.197   3.197   9.325   9.325   9.325   10.660   10.660   10.670 0.423   0.418   0.413 0.413   0.408   0.403 0.76 0.0143610793466 
  18130         0.002   0.002   0.002   7.075   7.075   7.075   7.002   7.002   7.002 2.998   2.998   2.998 2.998   2.998   2.998 0.5375 0.0100714944273 
  18132         3.837   3.837   3.837   8.625   8.625   8.625   10.150   10.170   10.170 1.292   1.307   1.307 1.302   1.317   1.317 1.19 0.0254093467055 
  18146         0.912   0.912   0.912   8.275   8.275   8.275   8.937   8.937   8.937 0.502   0.502   0.502 0.502   0.502   0.502 0.8375 0.0165068046575 
  18160         1.957   1.957   1.957   9.125   9.125   9.125   11.030   11.030   11.030 1.342   1.347   1.347 1.342   1.347   1.347 1.095 0.023592835777 
  1826         0.152   0.517   1.587   8.125   8.475   8.925   8.697   8.827   8.877 1.693   0.237   0.402 0.247   0.402   0.457 0.715 0.0159526322279 
  18326         1.092   3.372   3.372   8.875   9.075   9.125   10.400   10.520   10.570 1.152   1.217   1.222 1.152   1.232   1.237 0.555 0.0149696852004 
  18375         1.332   1.332   2.947   8.025   8.125   8.125   8.727   8.737   8.817 0.602   1.007   1.012 0.517   0.527   0.607 0.6975 0.0191584674491 
  18380         2.967   2.967   2.967   8.325   8.325   8.575   9.542   9.552   9.587 0.832   0.982   0.987 0.842   0.997   1.002 1.0325 0.0208604889684 
  18405         1.102   1.662   2.252   8.325   8.575   8.725   9.017   9.042   9.057 0.122   0.242   0.462 0.132   0.252   0.472 0.37 0.00929026910267 
  18413         0.362   0.387   1.187   8.325   8.475   8.525   8.827   8.912   8.927 0.222   0.237   0.297 0.202   0.242   0.302 0.3175 0.00639897452722 
  18443         0.387   0.927   0.927   8.675   8.675   8.975   9.192   9.192   9.322 0.177   0.287   0.292 0.182   0.297   0.302 0.1475 0.00510138216565 
  1848         1.942   2.317   2.792   8.825   8.875   9.025   10.600   10.660   10.680 1.432   1.567   1.637 1.432   1.577   1.637 1.705 0.0356981270517 
  1851         1.857   2.082   3.487   9.175   9.375   9.525   10.780   10.930   10.960 0.158   0.002   0.662 0.143   0.017   0.667 1.2375 0.0236839798176 
  18572         1.302   1.302   2.617   8.475   8.475   8.475   8.902   8.912   8.927 0.242   0.257   0.272 0.252   0.267   0.282 0.315 0.00821954378296 
  18619         1.697   3.487   3.487   8.825   9.025   9.175   9.717   9.787   9.842 0.342   0.447   0.472 0.362   0.447   0.472 1.1425 0.0229573838884 
  1862         1.917   3.462   3.992   8.625   8.675   8.875   10.030   10.060   10.120 0.212   0.687   1.032 0.217   0.692   1.052 1.37 0.0263208016595 
  18661         2.027   2.942   4.567   9.075   9.125   9.275   10.290   10.340   10.410 0.702   0.747   0.922 0.717   0.762   0.927 1.415 0.0298023002468 
  18715         3.037   3.037   3.672   9.175   9.175   9.275   10.440   10.440   10.480 0.967   1.137   1.142 0.972   1.137   1.142 1.6525 0.0330865244473 
  1872         1.742   1.977   3.502   9.025   9.125   9.275   9.747   9.797   9.872 0.087   0.317   0.452 0.092   0.322   0.462 0.965 0.0207611993873 
  18732         2.037   2.037   2.037   8.775   8.775   8.775   9.302   9.312   9.317 0.212   0.217   0.232 0.227   0.232   0.247 0.38 0.011083964769 
  18767         2.087   2.087   2.087   9.075   9.075   9.075   10.240   10.250   10.250 0.308   0.298   0.293 0.293   0.283   0.278 1.52 0.0281749086068 
  18821         3.182   3.567   4.072   8.825   8.825   8.875   10.810   10.830   10.830 1.572   1.717   1.792 1.457   1.717   1.797 2.1425 0.042134179712 
  1886         1.967   3.037   3.492   8.725   8.825   9.075   10.020   10.070   10.160 0.812   0.947   1.097 0.812   0.952   1.222 2.075 0.0406484744486 
  18908         0.717   1.977   2.217   8.725   8.875   9.025   9.642   9.697   9.742 0.487   0.587   0.667 0.487   0.592   0.682 0.43 0.0118130976039 
  18941         4.007   4.007   4.007   9.425   9.425   9.425   10.590   10.590   10.590 0.393   0.393   0.393 0.383   0.383   0.383 1.85875 0.0343372625583 
  18946         1.152   1.152   1.347   8.825   8.925   8.925   9.242   9.247   9.257 0.062   0.062   0.177 0.072   0.072   0.177 0.42 0.0097535262854 
  190         0.847   0.847   0.847   8.975   8.975   8.975   9.567   9.582   9.582 0.312   0.317   0.327 0.317   0.322   0.332 0.2875 0.00720772328825 
  19133         0.872   0.917   0.917   8.375   8.375   8.425   8.867   8.877   8.902 0.287   0.302   0.312 0.297   0.307   0.317 0.17 0.00716828256977 
  19136         0.587   0.712   1.412   8.775   8.825   9.025   9.832   9.877   9.997 0.792   0.847   0.882 0.797   0.857   0.887 0.315 0.00878500996015 
  19176         0.202   0.382   0.492   8.525   8.875   9.125   9.042   9.202   9.312 0.047   0.102   0.307 0.047   0.112   0.317 0.085 0.00296315288164 
  1918         2.587   2.587   2.587   9.525   9.525   9.525   10.620   10.630   10.640 0.577   0.587   0.597 0.582   0.592   0.602 0.945 0.0203933199847 
  19202         1.107   1.232   3.257   8.725   8.875   8.875   9.147   9.172   9.182 0.043   0.013   0.107 0.013   0.002   0.232 0.68 0.0147824930238 
  19422         1.667   2.452   3.482   9.125   9.325   9.325   10.360   10.490   10.500 0.832   0.982   1.082 0.832   0.992   1.117 1.04 0.0217169887415 
  19508         4.302   4.302   4.302   8.625   8.625   8.625   10.910   10.910   10.910 2.052   2.052   2.052 2.067   2.067   2.067 4.3925 0.0819092990753 
  19633         1.362   1.557   2.242   8.575   8.925   8.925   9.927   10.040   10.070 0.822   0.902   1.087 0.832   0.907   1.087 0.495 0.013428979857 
  20066         0.457   0.457   0.457   8.475   8.475   8.475   9.282   9.282   9.282 0.607   0.607   0.607 0.617   0.617   0.617 0.2225 0.00524004770971 
  2013         1.337   2.307   3.457   8.825   8.975   9.175   9.827   9.892   9.917 0.592   0.712   0.767 0.592   0.722   0.767 0.6575 0.016705067345 
  20168         0.872   1.502   4.482   8.375   8.525   8.625   9.917   10.020   10.040 1.247   1.287   1.352 1.252   1.297   1.372 0.675 0.0141672959664 
  20261         0.527   0.717   1.482   8.975   9.025   9.075   9.602   9.657   9.677 0.347   0.407   0.502 0.357   0.417   0.502 0.3725 0.00877641584019 
  20344         1.137   1.137   2.467   8.625   8.725   8.725   9.677   9.692   9.702 0.802   0.822   0.907 0.807   0.827   0.907 0.3825 0.0103467519058 
  2046         0.427   0.827   0.847   8.675   8.675   8.975   9.912   9.932   9.982 0.592   0.702   0.737 0.597   0.707   0.747 0.725 0.0162964075796 
  20539         1.767   3.322   3.387   8.475   8.525   8.525   9.422   9.437   9.457 0.293   0.682   0.742 0.702   0.902   1.042 0.76 0.0139910185476 
  20627         0.592   1.477   5.667   8.575   8.775   8.825   9.512   9.532   9.557 0.537   0.617   0.772 0.542   0.632   0.777 0.4775 0.0116300591142 
  20639         1.917   2.597   3.242   8.975   9.175   9.275   10.560   10.610   10.690 1.087   1.087   1.237 1.092   1.097   1.252 1.125 0.0245668531766 
  20663         0.512   0.512   1.127   8.575   8.575   8.575   9.052   9.107   9.112 0.312   0.322   0.337 0.322   0.332   0.342 0.305 0.00678567609012 
  2068         1.142   1.142   1.142   8.575   8.575   8.575   8.782   8.787   8.787 0.023   0.018   0.018 0.013   0.008   0.008 0.19 0.00541561630842 
  20860         0.417   0.512   2.232   8.525   8.625   9.025   8.912   8.977   9.112 0.043   0.202   0.247 0.043   0.207   0.247 0.185 0.00464791351038 
  2096         1.892   2.737   4.252   8.675   8.825   9.125   9.417   9.487   9.557 0.197   0.467   0.507 0.202   0.482   0.517 1.2925 0.0278006942359 
  21         1.327   1.382   1.692   9.175   9.225   9.375   9.827   9.852   9.982 0.097   0.382   0.412 0.102   0.382   0.417 0.6825 0.0150431537584 
  2100         0.517   0.597   1.927   8.525   8.675   8.775   9.092   9.167   9.217 0.222   0.337   0.397 0.227   0.342   0.402 0.3 0.00724371969364 
  2102         0.172   1.752   1.752   8.625   8.625   8.925   9.222   9.237   9.352 0.037   0.412   0.427 0.047   0.417   0.432 0.2975 0.00865010260055 
  21038         1.692   1.802   2.427   8.825   9.025   9.025   10.330   10.420   10.450 1.032   1.052   1.227 1.042   1.062   1.247 1.5375 0.0311153703979 
  21174         1.527   3.252   3.252   8.975   8.975   9.175   9.477   9.497   9.582 0.097   0.287   0.302 0.102   0.292   0.307 0.55875 0.0149653733665 
  21201         1.407   1.407   1.457   9.175   9.175   9.275   9.207   9.217   9.232 0.353   0.213   0.078 0.348   0.208   0.078 0.2475 0.00705116302464 
  21226         1.137   1.307   1.402   8.775   8.775   8.925   9.392   9.447   9.462 0.367   0.412   0.432 0.407   0.422   0.437 0.8425 0.0179762509996 
  21315         1.347   1.347   1.347   8.125   8.125   8.125   8.747   8.752   8.762 0.417   0.427   0.437 0.427   0.437   0.447 0.4225 0.0104738376443 
  21329         4.842   4.842   4.842   8.775   8.775   8.775   9.812   9.827   9.837 0.802   0.817   0.827 0.812   0.827   0.837 1.42 0.0307018957069 
  21379         0.172   0.172   0.172   8.275   8.275   8.275   9.452   9.462   9.472 0.952   0.962   0.972 0.967   0.977   0.987 0.1075 0.00298403669548 
  2149         0.002   0.002   0.002   7.075   7.075   7.075   7.002   7.002   7.002 2.998   2.998   2.998 2.998   2.998   2.998 0.405 0.0133434806179 
  21708         3.522   3.522   3.522   8.775   8.775   8.775   10.480   10.490   10.490 0.957   0.962   0.962 0.962   0.967   0.967 1.93 0.0367779890016 
  21772         4.527   4.527   4.527   8.875   8.875   8.875   11.020   11.030   11.030 1.262   1.272   1.272 1.272   1.282   1.282 3.38 0.0627448205034 
  21894         1.967   1.967   1.967   9.425   9.425   9.425   10.130   10.140   10.140 1.173   1.163   1.158 1.163   1.153   1.148 0.2725 0.00522774090789 
  21926         3.817   3.817   3.817   9.475   9.475   9.475   11.400   11.410   11.410 0.502   0.507   0.507 0.522   0.527   0.527 1.955 0.036148671829 
  21963         0.842   1.352   1.377   8.575   8.575   8.875   9.207   9.252   9.332 0.262   0.467   0.487 0.267   0.472   0.492 0.34 0.0110084058791 
  21971         0.762   0.762   0.762   8.975   8.975   8.975   9.072   9.077   9.082 0.943   0.938   0.933 0.933   0.928   0.923 0.03 0.00148710288817 
  22002         1.607   1.607   1.607   9.275   9.275   9.275   11.230   11.240   11.240 0.177   0.182   0.182 0.192   0.197   0.197 1.12 0.0207934959783 
  22059         2.967   2.967   3.097   9.275   9.275   9.275   10.790   10.800   10.820 0.537   0.547   0.557 0.537   0.547   0.557 1.855 0.034924047589 
  22173         0.447   3.757   3.757   9.375   9.375   9.475   10.150   10.230   10.270 0.237   1.327   1.387 0.242   0.947   1.007 1.0925 0.0311281126958 
  22279         2.817   2.817   3.397   8.725   8.725   9.375   10.450   10.460   10.640 0.177   1.092   1.107 0.187   1.097   1.112 1.445 0.0287175778052 
  2228         2.117   2.877   4.022   8.975   9.125   9.275   10.490   10.510   10.610 1.032   1.047   1.172 1.047   1.172   1.187 1.605 0.0346378463534 
  22312         0.302   0.302   0.302   7.925   7.925   7.925   8.372   8.372   8.382 0.227   0.227   0.237 0.237   0.237   0.247 0.13 0.00397985866583 
  22343         1.102   1.587   2.177   9.025   9.125   9.225   9.922   9.947   10.010 0.367   0.482   0.672 0.372   0.492   0.682 0.4025 0.0118792087279 
  22371         2.317   2.317   2.317   8.825   8.825   8.825   10.880   10.880   10.880 1.842   1.847   1.847 1.852   1.857   1.857 1.5725 0.0332907584774 
  22385         1.747   2.342   2.927   8.675   8.825   8.875   10.120   10.140   10.200 1.097   1.122   1.167 1.107   1.137   1.197 0.775 0.0185839144154 
  22456         2.392   3.037   3.472   8.925   9.075   9.175   10.480   10.540   10.590 1.167   1.212   1.307 1.172   1.217   1.307 1.9875 0.0411667049932 
  22632         1.242   1.242   1.242   8.275   8.275   8.275   8.822   8.832   8.842 0.322   0.332   0.337 0.332   0.342   0.347 0.495 0.0115311361105 
  22697         0.932   1.087   2.032   8.925   8.925   9.075   9.132   9.152   9.167 0.343   0.018   0.007 0.333   0.013   0.012 0.6075 0.0132503773531 
  22727         2.877   2.877   2.877   8.925   8.925   8.925   9.022   9.022   9.022 0.063   0.063   0.063 0.058   0.058   0.058 0.1825 0.00495126246527 
  22795         3.462   3.462   3.462   9.125   9.125   9.125   10.150   10.160   10.160 0.358   0.353   0.348 0.348   0.343   0.338 1.7825 0.0333068532738 
  22804         0.537   0.537   1.102   8.675   8.825   8.825   9.247   9.292   9.297 0.247   0.262   0.327 0.252   0.267   0.337 0.0775 0.00407852914664 
  22833         0.367   0.367   3.722   8.575   8.975   8.975   9.512   9.532   9.622 0.383   0.368   0.882 0.383   0.368   0.887 1.415 0.0275515784484 
  22834         2.462   2.462   2.462   8.625   8.625   8.625   10.440   10.450   10.450 0.677   0.682   0.682 0.692   0.697   0.697 1.25625 0.0238309562334 
  22847         3.617   3.617   3.617   9.575   9.575   9.575   10.520   10.520   10.530 0.398   0.393   0.388 0.383   0.378   0.373 0.305 0.00630289417649 
  22857         0.837   1.552   4.757   8.925   9.025   9.125   9.902   9.962   10.030 0.652   0.737   0.782 0.667   0.737   0.787 0.4675 0.0124263832228 
  22919         3.917   3.917   3.917   9.275   9.275   9.275   11.090   11.090   11.090 0.492   0.492   0.492 0.507   0.507   0.507 3.1575 0.0582523081088 
  23053         1.002   1.872   1.872   8.375   8.375   8.825   9.937   9.947   10.040 1.017   1.387   1.402 1.027   1.387   1.402 0.725 0.0170697070859 
  23086         1.597   1.597   2.782   8.075   8.125   8.825   8.967   8.977   9.127 0.567   0.667   0.772 0.572   0.672   0.772 0.78 0.0191052113309 
  23156         0.357   0.357   0.357   9.025   9.025   9.025   9.407   9.407   9.407 0.042   0.042   0.042 0.057   0.057   0.057 0.1625 0.00361505186685 
  23250         1.062   1.767   1.892   9.325   9.325   9.425   9.817   9.837   9.867 0.118   0.147   0.167 0.108   0.157   0.177 0.9325 0.0210139810602 
  23316         2.312   3.447   3.447   8.825   8.825   9.275   10.060   10.080   10.210 0.012   0.477   0.682 0.022   0.477   0.697 1.475 0.0286141900986 
  23351         2.522   2.522   2.522   8.875   8.875   8.875   9.627   9.632   9.642 0.477   0.482   0.492 0.492   0.497   0.507 1.125 0.0219970816246 
  23441         3.057   3.137   3.422   8.925   9.025   9.075   10.260   10.300   10.390 1.057   1.072   1.097 1.062   1.087   1.102 1.79 0.0363049431896 
  23451         1.807   2.522   3.897   8.425   8.625   8.775   9.207   9.262   9.317 0.117   0.432   0.572 0.407   0.477   0.737 0.3825 0.0105962776483 
  23491         1.212   1.872   3.152   9.175   9.225   9.475   9.697   9.712   10.040 1.268   1.068   0.208 1.253   1.058   0.198 0.2875 0.00549485896088 
  23570         4.452   4.452   4.452   8.125   8.125   8.125   9.202   9.212   9.212 0.877   0.887   0.887 0.882   0.892   0.892 0.87 0.0178528401102 
  23579         1.952   1.952   1.952   9.475   9.475   9.475   10.570   10.570   10.580 0.323   0.318   0.308 0.313   0.308   0.298 1.2725 0.023632102636 
  23685         0.267   0.267   3.082   8.425   8.825   8.825   9.417   9.497   9.507 0.482   0.492   0.802 0.487   0.497   0.807 0.4825 0.0106017970175 
  23720         0.707   1.137   2.887   8.525   8.675   8.725   8.982   9.067   9.082 0.182   0.197   0.257 0.192   0.202   0.272 0.3825 0.0104132355683 
  23761         2.222   3.142   4.117   9.075   9.275   9.275   10.580   10.710   10.770 0.547   0.727   0.942 0.557   0.742   0.952 2.02 0.038891883472 
  23795         2.487   2.487   2.487   9.325   9.325   9.325   10.470   10.470   10.480 0.098   0.093   0.083 0.088   0.083   0.073 0.1375 0.00349025428873 
  23817         1.282   1.282   1.282   7.975   7.975   7.975   8.952   8.957   8.967 0.792   0.802   0.812 0.797   0.807   0.817 0.6075 0.0140312606347 
  23844         3.822   3.822   3.822   8.525   8.525   8.525   9.452   9.457   9.462 0.752   0.757   0.762 0.757   0.762   0.767 0.355 0.00918218928143 
  23851         0.292   0.407   0.407   8.475   8.475   8.575   8.767   8.777   8.897 0.112   0.147   0.157 0.117   0.152   0.162 0.09 0.00412884971875 
  23855         2.342   3.392   3.967   8.425   8.875   8.925   9.927   10.040   10.120 0.842   1.067   1.307 0.847   1.067   1.312 2.175 0.0435666799286 
  23882         1.737   2.567   4.167   9.075   9.125   9.275   9.522   9.617   9.657 0.453   0.117   0.227 0.443   0.127   0.232 0.9025 0.0189891416341 
  239         0.142   0.212   0.212   9.025   9.025   9.275   9.237   9.252   9.387 0.018   0.012   0.027 0.018   0.012   0.027 0.1425 0.00317954006108 
  23903         0.407   0.632   0.632   8.125   8.125   8.475   8.842   8.847   8.967 0.347   0.527   0.532 0.352   0.532   0.537 0.28 0.0082989080607 
  23927         2.562   2.837   2.837   8.875   9.225   9.225   10.220   10.270   10.300 0.732   0.747   0.832 0.737   0.752   0.842 0.9875 0.0214145388697 
  23941         3.267   3.267   3.267   8.075   8.075   8.075   9.107   9.107   9.117 0.812   0.812   0.817 0.822   0.822   0.827 0.78 0.0156716136693 
  24066         0.407   0.407   0.407   8.075   8.075   8.075   8.717   8.727   8.737 0.412   0.432   0.442 0.427   0.447   0.457 0.3025 0.00667851031294 
  24130         1.272   2.357   2.357   9.425   9.475   9.475   10.770   10.950   10.960 0.358   0.432   0.437 0.338   0.437   0.442 0.085 0.00203346994077 
  24144         0.407   1.387   1.417   8.775   8.875   8.875   9.172   9.202   9.217 0.233   0.077   0.127 0.047   0.102   0.237 0.8725 0.0173105018703 
  24185         0.932   1.122   2.242   9.075   9.125   9.225   10.260   10.310   10.360 0.787   0.892   0.967 0.792   0.902   0.977 0.3975 0.0107931587128 
  24257         2.057   4.317   4.317   8.675   8.725   8.725   9.497   9.542   9.557 0.587   0.602   0.632 0.592   0.607   0.642 0.265 0.00766697300113 
  24313         0.527   0.527   0.527   9.125   9.125   9.125   9.877   9.877   9.887 0.477   0.477   0.487 0.477   0.477   0.487 0.0625 0.00223483220847 
  24316         0.792   2.147   3.787   8.675   8.875   9.025   10.250   10.280   10.340 0.867   1.202   1.382 0.877   1.227   1.387 0.9725 0.0208157842754 
  24336         0.387   0.387   0.387   8.975   8.975   8.975   8.992   8.997   9.002 1.103   1.098   1.093 1.098   1.093   1.088 0.045 0.00138089644796 
  24348         2.637   2.637   2.637   9.275   9.275   9.275   10.960   10.970   10.970 0.042   0.047   0.052 0.052   0.057   0.062 1.3125 0.0244599550286 
  24354         3.287   3.287   3.287   8.875   8.875   8.875   10.450   10.460   10.460 1.352   1.387   1.387 1.357   1.387   1.387 1.775 0.0372139100337 
  24355         0.932   0.932   1.447   8.375   8.475   8.475   9.702   9.782   9.787 1.032   1.162   1.162 1.047   1.172   1.172 0.8475 0.0166016685908 
  24372         3.662   3.662   3.662   9.125   9.125   9.125   10.940   10.950   10.950 0.337   0.347   0.347 0.352   0.362   0.362 1.47 0.0274120520939 
  24389         0.077   0.077   0.077   9.225   9.225   9.225   9.317   9.317   9.322 0.028   0.028   0.023 0.023   0.023   0.018 0.0525 0.00150332963784 
  24408         0.202   0.202   0.202   9.275   9.275   9.275   9.652   9.662   9.667 1.273   1.263   1.258 1.263   1.253   1.248 0.0625 0.00158192920196 
  24497         4.347   4.347   4.347   8.025   8.025   8.025   11.110   11.110   11.110 2.887   2.887   2.887 2.897   2.897   2.897 1.8825 0.0350897292666 
  24511         1.017   2.562   4.212   8.825   8.975   9.125   9.807   9.872   9.927 0.272   0.627   0.827 0.282   0.637   0.827 0.9375 0.0200765902234 
  24720         3.667   3.667   3.667   8.575   8.575   8.575   9.152   9.157   9.162 0.407   0.412   0.417 0.412   0.417   0.422 0.2675 0.00594423249882 
  24779         1.917   1.917   1.937   9.325   9.325   9.325   11.070   11.130   11.130 1.327   1.342   1.342 1.332   1.347   1.347 1.375 0.0271453752967 
  24785         0.187   0.187   0.187   8.725   8.725   8.725   9.057   9.062   9.067 0.202   0.207   0.212 0.202   0.207   0.212 0.085 0.00260576284416 
  24786         0.882   0.882   1.007   7.825   8.625   8.625   8.967   9.132   9.142 0.267   0.277   0.957 0.277   0.287   0.957 0.9675 0.0192320533225 
  24814         1.912   1.912   1.912   8.425   8.425   8.425   9.227   9.237   9.242 0.897   0.907   0.912 0.897   0.907   0.912 0.685 0.0176230672699 
  24851         1.117   1.277   2.392   8.875   9.025   9.075   9.157   9.187   9.252 0.198   0.128   0.037 0.178   0.068   0.057 0.5475 0.0142840566717 
  24862         3.877   3.877   4.277   9.225   9.225   9.225   10.340   10.350   10.450 1.263   0.703   0.693 1.248   0.693   0.683 2.0875 0.0385285232004 
  24943         2.032   2.252   2.932   8.725   8.775   8.925   10.240   10.270   10.310 0.637   1.262   1.312 0.642   1.267   1.322 1.3475 0.027892362754 
  25         0.062   0.062   4.792   8.425   9.275   9.275   9.247   9.632   9.647 0.083   0.068   1.462 0.073   0.058   0.837 1.6625 0.0341237728717 
  25028         1.262   1.262   1.262   8.625   8.625   8.625   9.367   9.377   9.377 0.182   0.192   0.192 0.482   0.492   0.492 0.425 0.00927838752155 
  25037         1.932   2.772   3.537   8.575   8.675   8.775   10.090   10.100   10.140 1.097   1.292   1.322 1.107   1.302   1.337 1.92 0.036727137106 
  25060         3.707   3.707   3.707   9.175   9.175   9.175   10.990   11.000   11.000 0.322   0.332   0.332 0.332   0.342   0.342 1.62625 0.0303514723696 
  25120         2.447   2.447   2.667   8.525   8.625   8.625   10.280   10.290   10.310 1.372   1.402   1.417 1.377   1.497   1.512 1.8675 0.0375923542758 
  25137         2.867   4.982   4.982   8.575   8.825   8.825   9.712   9.727   9.747 0.033   0.018   0.962 1.037   1.317   1.327 0.88 0.0162832882122 
  25206         2.307   2.307   3.547   9.075   9.075   9.325   11.260   11.270   11.470 0.427   0.872   0.887 0.442   0.877   0.892 0.745 0.0146735442208 
  25211         0.087   0.107   0.107   9.175   9.175   9.325   9.247   9.257   9.357 0.223   0.208   0.083 0.193   0.178   0.083 0.0275 0.00131343062245 
  25246         0.907   1.087   1.237   9.275   9.475   9.475   10.470   10.550   10.560 0.722   0.767   0.772 0.727   0.772   0.777 0.1925 0.00680870582416 
  25248         0.787   1.257   1.257   8.625   8.625   8.775   9.212   9.217   9.257 0.152   0.162   0.232 0.167   0.177   0.237 0.2025 0.00723751338513 
  25250         1.412   1.412   1.412   9.375   9.375   9.375   10.990   11.000   11.000 0.583   0.573   0.573 0.568   0.558   0.558 0.8325 0.0153876663273 
  25270         0.792   1.827   2.262   8.675   8.775   8.825   9.602   9.637   9.662 0.447   0.637   0.807 0.462   0.642   0.812 0.88 0.0195561601548 
  25295         2.327   2.327   2.997   9.025   9.025   9.175   10.930   10.930   11.010 1.392   1.552   1.552 1.402   1.567   1.567 1.7625 0.0348992421121 
  25341         0.422   1.042   2.472   8.475   8.675   8.725   9.022   9.092   9.107 0.187   0.252   0.387 0.202   0.252   0.392 0.3825 0.0105649372928 
  25373         0.957   0.957   1.932   8.425   8.525   8.575   9.462   9.522   9.537 0.732   0.827   0.837 0.742   0.832   0.847 0.83 0.0184726148663 
  25389         0.452   0.452   1.012   8.075   8.525   8.525   8.392   8.562   8.567 0.183   0.173   0.132 0.173   0.163   0.132 0.455 0.0110673438548 
  25406         2.302   2.302   2.302   8.525   8.525   8.525   9.592   9.612   9.622 0.842   0.862   0.872 0.847   0.867   0.877 1.405 0.0275989035108 
  25465         0.372   0.372   0.372   9.125   9.125   9.125   10.630   10.640   10.650 0.443   0.438   0.428 0.428   0.423   0.413 0.3025 0.00572743179794 
  25489         3.887   3.887   3.887   9.025   9.025   9.025   10.860   10.870   10.870 0.152   0.157   0.162 0.167   0.172   0.177 0.71 0.0133878452336 
  25565         3.427   3.427   3.427   8.875   8.875   8.875   8.602   8.612   8.622 1.568   1.558   1.548 1.568   1.558   1.548 0.26 0.00499834722683 
  25573         3.047   3.047   3.047   9.075   9.075   9.075   10.890   10.890   10.890 1.232   1.232   1.237 1.242   1.242   1.247 1.095 0.0230589998699 
  25681         0.557   0.557   0.557   9.175   9.175   9.175   9.532   9.537   9.552 1.203   1.198   1.183 1.188   1.183   1.168 0.16 0.00329308366125 
  25794         1.997   2.252   3.582   8.975   9.075   9.125   9.782   9.792   9.817 0.432   0.537   0.657 0.437   0.542   0.662 1.3525 0.0273417606419 
  2583         0.747   2.122   2.377   8.275   8.975   9.025   9.577   9.712   9.742 0.777   1.047   1.477 0.547   0.827   1.307 0.3125 0.014821669103 
  26039         0.452   0.452   0.452   8.825   8.825   8.825   9.357   9.362   9.362 0.288   0.283   0.283 0.278   0.273   0.273 0.2475 0.00493805629778 
  26092         1.152   1.152   2.907   8.825   8.825   8.825   10.340   10.350   10.370 1.257   1.282   1.292 1.272   1.292   1.302 0.6225 0.0142541362418 
  26173         1.037   1.242   4.787   9.075   9.175   9.225   10.120   10.130   10.160 0.323   0.298   0.027 0.308   0.293   0.032 1.075 0.0201481785777 
  26185         2.257   2.627   3.977   8.875   8.925   9.025   10.170   10.220   10.280 0.942   1.017   1.082 0.947   1.027   1.087 1.52 0.0319184899392 
  26255         0.562   0.877   0.947   8.275   8.425   8.675   9.692   9.712   9.872 0.987   1.062   1.267 0.992   1.072   1.277 0.1875 0.00769492527579 
  26300         2.547   2.852   3.542   8.875   8.975   9.225   10.240   10.320   10.370 0.892   1.022   1.122 0.907   1.027   1.127 1.8075 0.0360924161009 
  26345         0.702   2.147   3.292   8.375   8.525   8.725   9.457   9.502   9.557 0.587   0.782   0.887 0.597   0.792   0.892 0.63 0.0138681325347 
  26397         1.177   1.177   1.177   8.775   8.775   8.775   8.942   8.942   8.942 0.012   0.012   0.012 0.017   0.017   0.017 0.1225 0.00447498324019 
  26398         1.702   2.027   3.377   8.725   9.325   9.325   10.140   10.350   10.380 0.332   0.357   1.297 1.057   1.502   1.522 1.6675 0.0345349138554 
  26476         0.997   2.972   4.737   8.425   8.575   8.675   9.417   9.452   9.487 0.532   0.722   0.802 0.542   0.722   0.812 0.705 0.0146889916264 
  26491         0.407   0.407   0.407   8.075   8.075   8.075   8.757   8.757   8.757 0.467   0.467   0.467 0.482   0.482   0.482 0.3025 0.0067842667253 
  26535         1.797   1.797   1.797   9.325   9.325   9.325   11.040   11.050   11.050 0.117   0.122   0.122 0.127   0.132   0.132 1.17 0.0218869704391 
  26600         0.932   3.462   4.122   9.025   9.175   9.425   9.052   9.067   9.092 0.853   0.223   1.057 0.208   0.082   0.387 0.9275 0.0257613562337 
  26605         0.327   0.327   0.327   8.925   8.925   8.925   9.057   9.067   9.067 0.007   0.017   0.017 0.007   0.017   0.017 0.1475 0.0036690427907 
  26618         2.467   3.987   3.987   8.775   9.025   9.025   9.662   9.682   9.697 1.018   0.218   0.198 1.003   0.213   0.188 1.3625 0.0250894121095 
  26647         0.342   0.417   2.802   8.575   9.125   9.125   9.362   9.377   9.452 0.558   0.528   0.657 0.538   0.377   0.792 0.08 0.00197668282737 
  267         2.517   2.517   2.697   8.825   8.875   8.975   10.230   10.280   10.300 1.072   1.112   1.132 1.077   1.122   1.142 2.0375 0.0409616512729 
  26722         1.732   2.107   2.157   9.025   9.325   9.325   10.230   10.320   10.380 0.522   0.732   0.867 0.532   0.742   0.872 1.9225 0.0366372334518 
  26755         1.382   2.347   3.127   9.025   9.075   9.225   11.000   11.060   11.080 1.192   1.327   1.347 1.197   1.332   1.352 0.815 0.0167913809736 
  2697         1.462   2.172   2.172   8.725   8.725   9.075   9.942   9.957   10.050 0.872   1.057   1.077 0.872   1.057   1.077 0.6425 0.0172878071195 
  274         0.802   1.552   2.242   8.825   8.875   9.025   9.932   9.962   10.090 0.792   0.852   0.912 0.797   0.852   0.917 0.78 0.0177735449475 
  2784         0.437   0.437   0.437   8.825   8.825   8.825   9.407   9.417   9.422 0.427   0.432   0.437 0.432   0.437   0.442 0.12 0.0046002717311 
  2793         3.522   3.522   3.522   8.775   8.775   8.775   10.520   10.540   10.550 0.997   1.017   1.022 1.002   1.022   1.027 1.9275 0.0367585537664 
  2862         2.042   2.042   2.042   9.125   9.125   9.125   10.510   10.520   10.520 0.222   0.227   0.227 0.237   0.242   0.242 1.2075 0.0227288121115 
  2903         0.987   0.987   2.537   8.675   8.775   8.775   9.532   9.552   9.577 0.367   0.392   0.732 0.372   0.397   0.737 0.4625 0.0113770064165 
  2921         1.682   2.592   3.717   8.775   8.825   9.075   10.150   10.170   10.230 0.792   1.032   1.067 0.792   1.037   1.067 1.905 0.0358043907922 
  2976         0.497   1.857   2.802   8.375   8.525   8.825   9.717   9.782   9.862 0.862   1.032   1.132 0.862   1.042   1.137 0.405 0.0122727177104 
  300         0.312   2.072   3.862   8.975   9.025   9.125   9.997   10.080   10.130 0.197   0.692   0.882 0.197   0.702   0.887 0.69 0.0162644358955 
  3315         0.577   0.577   0.577   8.425   8.425   8.425   9.032   9.042   9.047 0.407   0.417   0.422 0.412   0.422   0.427 0.3 0.00727388994968 
  3336         0.002   0.002   0.002   7.075   7.075   7.075   7.002   7.002   7.002 2.998   2.998   2.998 2.998   2.998   2.998 0.145 0.00410614174134 
  3371         0.512   0.512   1.222   9.175   9.275   9.275   10.030   10.050   10.060 0.813   0.803   0.508 0.803   0.793   0.503 0.8475 0.0172063389482 
  3404         0.827   1.577   1.922   8.725   8.775   8.975   10.040   10.060   10.130 0.892   1.067   1.197 0.902   1.067   1.197 0.6075 0.0158562795132 
  3412         0.147   0.147   0.147   9.325   9.325   9.325   9.242   9.242   9.247 0.513   0.513   0.508 0.503   0.503   0.498 0.0225 0.00121346610995 
  3432         0.222   2.202   2.527   8.225   8.775   9.075   8.902   8.982   9.092 0.278   0.032   0.472 0.268   0.032   0.482 0.795 0.0181497493096 
  344         0.087   0.097   0.227   8.675   8.775   9.125   9.317   9.347   9.357 0.423   0.152   0.187 0.157   0.182   0.757 0.0175 0.00123405834546 
  3451         3.157   4.287   4.287   8.325   8.325   8.475   8.817   8.832   8.857 0.292   0.312   0.432 0.297   0.317   0.432 0.3475 0.0078993971289 
  3458         0.087   0.227   0.302   8.775   8.825   9.125   9.382   9.402   9.587 0.177   0.207   0.707 0.192   0.302   0.337 0.155 0.00552867750913 
  3591         0.227   0.807   0.907   8.925   9.325   9.425   9.222   9.292   9.432 0.013   0.482   0.522 0.003   0.447   0.477 0.6025 0.0138627297095 
  3631         5.092   5.092   5.092   8.075   8.075   8.075   9.087   9.097   9.102 0.422   0.432   0.442 0.832   0.842   0.847 0.45 0.00905640105119 
  3647         3.662   3.662   3.662   9.375   9.375   9.375   11.330   11.330   11.340 0.402   0.402   0.407 0.417   0.417   0.422 1.8275 0.0339055806616 
  3653         0.327   0.327   0.327   8.725   8.725   8.725   9.182   9.187   9.197 0.292   0.302   0.307 0.292   0.302   0.307 0.1475 0.00408686921738 
  3683         1.702   1.862   2.852   8.775   8.925   9.075   10.170   10.230   10.330 0.972   1.097   1.177 0.987   1.102   1.182 0.7075 0.0178644227447 
  3707         0.467   0.467   0.467   8.725   8.725   8.725   9.247   9.257   9.257 0.332   0.337   0.337 0.342   0.347   0.347 0.2525 0.00594417992662 
  3767         0.927   0.927   0.927   9.225   9.225   9.225   10.460   10.460   10.470 0.458   0.458   0.448 0.443   0.443   0.433 0.54125 0.0101239764915 
  3811         0.867   0.867   0.867   8.325   8.325   8.325   8.662   8.662   8.672 0.097   0.097   0.107 0.112   0.112   0.122 0.1725 0.00538353740583 
  3871         0.522   2.692   2.692   8.175   8.275   8.275   8.822   8.827   8.832 0.933   0.928   0.457 0.457   0.842   0.852 0.325 0.00757069844862 
  40         0.622   0.677   3.097   8.975   9.125   9.175   10.260   10.320   10.370 0.857   0.922   1.112 0.867   0.932   1.122 0.5225 0.0142194549825 
  4056         1.457   1.457   1.457   8.275   8.275   8.275   8.877   8.892   8.902 0.407   0.422   0.432 0.407   0.422   0.432 0.63 0.0139113263207 
  4062         3.622   3.622   3.622   9.275   9.275   9.275   11.190   11.190   11.190 0.322   0.322   0.327 0.337   0.337   0.342 2.4125 0.0444962164122 
  407         2.062   2.062   2.062   9.225   9.225   9.225   9.347   9.357   9.362 1.253   1.243   1.238 1.248   1.238   1.233 0.155 0.0032749961832 
  4171         1.857   2.572   2.572   9.075   9.175   9.175   10.690   10.700   10.730 1.307   1.327   1.352 1.312   1.332   1.357 1.0825 0.0248085967963 
  4187         0.887   0.887   2.907   8.225   8.225   8.325   9.592   9.602   9.742 1.147   1.157   1.237 1.157   1.167   1.237 0.61 0.0132053729595 
  4216         2.002   3.047   3.047   9.075   9.075   9.225   11.180   11.190   11.270 1.447   1.537   1.552 1.462   1.547   1.562 1.095 0.0230497158334 
  4348         2.162   2.752   3.597   8.925   9.125   9.175   10.410   10.510   10.550 0.667   0.777   0.867 0.677   0.782   0.877 1.0975 0.0221632866471 
  4376         5.192   5.192   5.192   9.025   9.025   9.025   11.050   11.050   11.050 1.867   1.867   1.867 1.867   1.867   1.867 2.0525 0.0398932384622 
  4459         4.222   4.222   4.222   9.325   9.325   9.325   10.180   10.190   10.190 0.753   0.748   0.743 0.738   0.733   0.728 0.555 0.0105403166461 
  4529         0.002   0.002   0.002   7.075   7.075   7.075   7.002   7.002   7.002 2.998   2.998   2.998 2.998   2.998   2.998 4.17625 0.0797857719145 
  4589         0.087   0.482   1.927   8.475   8.925   8.975   9.032   9.177   9.207 0.053   0.062   0.317 0.043   0.062   0.332 0.0675 0.00323061526648 
  4608         2.662   3.227   3.227   9.175   9.175   9.225   11.070   11.080   11.090 0.877   1.202   1.212 0.882   1.202   1.212 1.4875 0.0289205376852 
  4644         2.112   2.837   4.152   8.975   9.125   9.175   9.722   9.767   9.802 0.187   0.277   0.502 0.197   0.287   0.502 2.31125 0.0458885266161 
  482         3.857   3.857   4.537   8.925   8.925   9.225   10.570   10.580   10.720 0.652   1.532   1.547 0.657   1.532   1.547 2.5725 0.0503660130941 
  499         0.712   0.712   0.712   9.525   9.525   9.525   10.300   10.310   10.320 1.028   1.018   1.013 1.013   1.003   0.998 0.3525 0.00664567528548 
  5012         0.112   0.112   2.337   7.975   8.725   8.725   9.557   9.747   9.762 0.582   0.592   1.362 0.677   0.687   1.372 0.79125 0.0187507939832 
  5068         3.272   3.272   3.272   9.475   9.475   9.475   10.120   10.120   10.130 0.538   0.533   0.528 0.523   0.518   0.513 1.0275 0.0198513853421 
  513         1.697   2.247   3.357   8.625   8.625   8.875   9.947   9.967   10.010 0.892   1.157   1.177 0.902   1.162   1.182 1.6075 0.0329624312665 
  5219         0.927   2.527   3.872   8.725   8.775   8.925   9.607   9.642   9.652 0.517   0.587   0.697 0.532   0.592   0.702 0.5575 0.0143444022183 
  528         1.552   1.552   1.552   8.825   8.825   8.825   11.180   11.180   11.180 1.287   1.287   1.287 1.297   1.297   1.297 1.2625 0.0236013829044 
  533         0.992   0.992   1.282   8.425   8.475   8.475   8.957   8.977   9.002 0.342   0.352   0.362 0.342   0.357   0.372 0.46 0.0106382082608 
  5568         1.047   1.472   3.602   8.975   8.975   9.075   9.417   9.427   9.447 0.057   0.192   0.217 0.062   0.202   0.222 0.4 0.0105531168382 
  570         2.692   2.692   2.692   8.275   8.275   8.275   8.832   8.842   8.847 0.923   0.913   0.908 0.857   0.867   0.872 0.165 0.00330492057393 
  5789         1.172   1.172   1.172   8.975   8.975   8.975   9.337   9.342   9.347 0.143   0.138   0.133 0.143   0.138   0.133 0.3425 0.00772543040872 
  58         0.757   0.757   0.947   8.775   8.925   8.925   10.080   10.100   10.110 0.957   0.972   1.167 0.967   0.982   1.167 0.405 0.010167658285 
  5845         0.077   0.077   1.742   8.925   9.325   9.425   8.972   9.182   9.202 1.428   0.338   0.278 0.338   0.318   0.602 0.8125 0.0150765140202 
  5950         2.057   2.057   2.057   9.275   9.275   9.275   10.270   10.280   10.280 0.888   0.878   0.878 0.873   0.863   0.863 1.225 0.0228427554161 
  601         0.872   1.722   1.722   8.425   8.575   8.575   9.067   9.147   9.152 0.417   0.422   0.457 0.417   0.422   0.467 0.1925 0.00699459791553 
  6141         0.932   1.532   1.532   8.475   8.475   8.475   9.527   9.557   9.557 0.887   0.887   0.927 0.892   0.892   0.932 0.245 0.00906699922797 
  6159         0.852   1.102   1.192   8.375   8.375   8.575   9.387   9.412   9.517 0.762   0.872   0.897 0.767   0.872   0.897 0.65 0.0140224855143 
  6221         1.687   1.687   2.142   9.075   9.175   9.175   11.000   11.110   11.110 1.587   1.587   1.617 1.597   1.597   1.627 1.385 0.0273257072187 
  6401         2.642   2.642   2.642   9.525   9.525   9.525   10.610   10.620   10.620 0.553   0.543   0.538 0.538   0.528   0.523 0.3225 0.00654075492585 
  6665         0.917   0.917   0.917   8.925   8.925   8.925   9.287   9.287   9.292 0.977   0.977   0.982 0.977   0.977   0.982 0.525 0.0138982687771 
  7011         2.312   3.517   3.957   8.875   8.875   9.025   9.972   9.987   10.070 0.018   0.347   0.367 0.003   0.352   0.367 0.64 0.0122505295804 
  7094         0.002   0.002   0.002   7.075   7.075   7.075   7.002   7.002   7.002 2.998   2.998   2.998 2.998   2.998   2.998 0.1625 0.00622795913603 
  7183         2.692   2.692   2.737   8.875   9.125   9.125   10.950   11.190   11.190 1.832   1.832   1.857 1.832   1.832   1.862 1.65 0.0339481236595 
  7195         1.432   1.432   1.432   9.075   9.075   9.075   10.830   10.830   10.840 1.147   1.147   1.157 1.157   1.157   1.167 0.57 0.0133272005688 
  7219         0.002   0.002   0.002   7.075   7.075   7.075   7.002   7.002   7.002 2.998   2.998   2.998 2.998   2.998   2.998 1.7575 0.0324992630686 
  744         1.027   1.042   2.377   8.575   8.925   9.425   9.972   10.060   10.230 0.468   0.952   1.202 0.832   0.957   1.207 0.915 0.0196875715872 
  7603         0.367   0.367   4.187   7.925   8.425   8.425   8.877   8.887   8.922 0.623   0.613   0.777 0.572   0.582   0.787 0.86 0.0153147796262 
  7649         0.517   1.392   4.227   8.625   8.875   8.975   9.332   9.362   9.432 0.172   0.277   0.532 0.187   0.287   0.537 0.5925 0.0131087861757 
  7764         1.042   1.487   2.392   8.725   8.725   8.875   9.262   9.282   9.332 0.043   0.052   0.217 0.017   0.057   0.232 0.5275 0.011825307607 
  7772         1.027   1.202   3.787   8.775   8.925   9.025   9.557   9.592   9.657 0.282   0.447   0.582 0.292   0.512   0.607 0.5825 0.013404233473 
  7837         1.252   1.252   2.457   8.875   8.875   8.875   10.450   10.450   10.480 1.342   1.347   1.372 1.352   1.357   1.382 0.6175 0.0142261941502 
  7886         1.467   2.427   3.332   9.225   9.275   9.475   10.680   10.740   10.860 0.637   0.812   0.962 0.642   0.827   0.972 0.78 0.0166048328808 
  79         1.672   1.802   2.512   9.125   9.225   9.425   11.000   11.020   11.130 1.412   1.557   1.582 1.467   1.572   1.592 1.2925 0.0258061930552 
  797         2.142   2.142   4.062   9.225   9.325   9.325   10.550   10.650   10.650 1.002   1.032   1.032 1.012   1.037   1.037 1.425 0.0293272381925 
  7988         1.717   2.847   4.852   8.725   8.775   8.925   9.787   9.842   9.862 0.682   0.792   0.847 0.692   0.802   0.857 0.96 0.0211706607124 
  8038         0.812   1.147   1.682   8.975   9.125   9.225   9.562   9.632   9.682 0.443   0.007   0.157 0.433   0.017   0.167 0.28 0.00858930148499 
  8041         3.192   3.192   3.192   9.425   9.425   9.425   10.910   10.920   10.920 0.627   0.632   0.632 0.637   0.642   0.642 2.005 0.0373518657499 
  8067         0.912   0.912   1.952   9.125   9.275   9.275   10.210   10.350   10.360 0.503   0.493   0.488 0.488   0.478   0.473 0.465 0.0087473124444 
  8113         0.457   0.457   0.852   8.725   9.125   9.125   9.242   9.342   9.347 0.072   0.077   0.332 0.072   0.077   0.337 0.455 0.0101194120383 
  8154         2.362   2.472   2.472   9.075   9.125   9.125   10.500   10.590   10.610 1.067   1.267   1.412 1.072   1.272   1.412 2.1525 0.0421141603264 
  8167         4.487   4.487   4.732   8.875   8.875   8.925   10.730   10.780   10.790 1.012   1.017   1.512 1.012   1.017   1.527 2.7925 0.0552078280228 
  8402         2.197   2.197   2.687   8.775   8.775   8.775   9.792   9.802   9.817 0.782   0.792   0.802 0.812   1.152   1.162 0.91 0.0206196896194 
  8461         1.692   2.952   3.462   8.375   8.525   8.625   9.052   9.082   9.107 0.227   0.382   0.487 0.242   0.392   0.492 0.7 0.0146730867577 
  8540         0.002   0.002   0.002   7.075   7.075   7.075   7.002   7.002   7.002 2.998   2.998   2.998 2.998   2.998   2.998 0.23 0.00464418722706 
  8586         0.112   0.112   0.112   8.675   8.675   8.675   9.072   9.082   9.087 0.217   0.227   0.232 0.222   0.232   0.237 0.06 0.00193165084837 
  8976         0.402   0.402   0.402   8.425   8.425   8.425   8.962   8.967   8.972 0.342   0.347   0.352 0.347   0.352   0.357 0.115 0.00436406920202 
  9026         4.787   4.787   4.787   9.075   9.075   9.075   10.500   10.500   10.510 0.037   0.042   0.052 0.042   0.047   0.057 1.075 0.0201521282995 
  931         0.647   1.287   2.377   8.925   8.925   9.175   9.522   9.552   9.622 0.713   0.057   0.357 0.057   0.117   0.357 0.59 0.013871124684 
  9372         0.452   0.702   1.302   8.075   8.275   8.675   8.687   8.702   8.827 0.107   0.207   0.402 0.117   0.217   0.412 0.5675 0.0131721780659 
  9380         2.262   2.557   2.557   8.625   8.775   9.225   9.772   9.847   9.962 0.243   0.797   1.002 0.233   0.807   1.012 1.9325 0.0384298724952 
  952         0.567   1.607   2.072   8.275   8.575   8.675   8.947   9.007   9.057 0.157   0.297   0.462 0.187   0.312   0.482 0.45 0.012170082169 
  9606         0.312   1.927   1.942   8.525   8.625   9.275   8.827   8.892   9.057 1.223   0.087   0.107 0.098   0.102   0.407 0.82875 0.0178835986311 
  9769         2.682   3.072   3.072   9.075   9.075   9.125   10.840   10.850   10.950 1.532   1.577   1.597 1.542   1.587   1.607 1.915 0.039814739419 
  9871         0.587   2.567   3.752   8.225   8.475   8.775   9.382   9.452   9.517 0.472   0.802   0.927 0.482   0.802   0.937 0.675 0.0162822564468 
  9884         0.072   0.072   0.107   8.375   8.375   9.325   9.402   9.417   9.652 0.852   0.867   0.927 0.857   0.872   0.927 0.04 0.00142950166142 
  994         1.237   1.237   2.437   8.525   8.775   8.775   9.847   9.862   9.937 0.922   0.952   1.087 0.932   0.952   1.107 0.825 0.0181840342059 
